20201023,212
10002477,510050CCM02600,50ETF购12月2600,510050,50ETF,2012,3.4200,10000,2.6000,20200423,20201223,20201223,20201223,EC0N0000E0  ,12304.00,12.00,7.00,1,1,50,1,10
10002478,510050CCM02650,50ETF购12月2650,510050,50ETF,2012,3.4200,10000,2.6500,20200423,20201223,20201223,20201223,EC0N0000E0  ,11804.00,12.00,7.00,1,1,50,1,10
10002479,510050CCM02700,50ETF购12月2700,510050,50ETF,2012,3.4200,10000,2.7000,20200423,20201223,20201223,20201223,EC0N0000E0  ,11304.00,12.00,7.00,1,1,50,1,10
10002480,510050CCM02750,50ETF购12月2750,510050,50ETF,2012,3.4200,10000,2.7500,20200423,20201223,20201223,20201223,EC0N0000E0  ,10804.00,12.00,7.00,1,1,50,1,10
10002481,510050CCM02800,50ETF购12月2800,510050,50ETF,2012,3.4200,10000,2.8000,20200423,20201223,20201223,20201223,EC0N0000E0  ,10304.00,12.00,7.00,1,1,50,1,10
10002482,510050CCM02850,50ETF购12月2850,510050,50ETF,2012,3.4200,10000,2.8500,20200423,20201223,20201223,20201223,EC0N0000E0  ,9804.00,12.00,7.00,1,1,50,1,10
10002483,510050CCM02900,50ETF购12月2900,510050,50ETF,2012,3.4200,10000,2.9000,20200423,20201223,20201223,20201223,EC0N0000E0  ,9304.00,12.00,7.00,1,1,50,1,10
10002484,510050CCM02950,50ETF购12月2950,510050,50ETF,2012,3.4200,10000,2.9500,20200423,20201223,20201223,20201223,EC0N0000E0  ,8814.00,12.00,7.00,1,1,50,1,10
10002485,510050CCM03000,50ETF购12月3000,510050,50ETF,2012,3.4200,10000,3.0000,20200423,20201223,20201223,20201223,EC0N0000E0  ,8326.00,12.00,7.00,1,1,50,1,10
10002486,510050PCM02600,50ETF沽12月2600,510050,50ETF,2012,3.4200,10000,2.6000,20200423,20201223,20201223,20201223,EP0N0000E0  ,1858.00,12.00,7.00,1,1,50,1,10
10002487,510050PCM02650,50ETF沽12月2650,510050,50ETF,2012,3.4200,10000,2.6500,20200423,20201223,20201223,20201223,EP0N0000E0  ,1895.00,12.00,7.00,1,1,50,1,10
10002488,510050PCM02700,50ETF沽12月2700,510050,50ETF,2012,3.4200,10000,2.7000,20200423,20201223,20201223,20201223,EP0N0000E0  ,1940.00,12.00,7.00,1,1,50,1,10
10002489,510050PCM02750,50ETF沽12月2750,510050,50ETF,2012,3.4200,10000,2.7500,20200423,20201223,20201223,20201223,EP0N0000E0  ,1978.00,12.00,7.00,1,1,50,1,10
10002490,510050PCM02800,50ETF沽12月2800,510050,50ETF,2012,3.4200,10000,2.8000,20200423,20201223,20201223,20201223,EP0N0000E0  ,2026.00,12.00,7.00,1,1,50,1,10
10002491,510050PCM02850,50ETF沽12月2850,510050,50ETF,2012,3.4200,10000,2.8500,20200423,20201223,20201223,20201223,EP0N0000E0  ,2076.00,12.00,7.00,1,1,50,1,10
10002492,510050PCM02900,50ETF沽12月2900,510050,50ETF,2012,3.4200,10000,2.9000,20200423,20201223,20201223,20201223,EP0N0000E0  ,2139.00,12.00,7.00,1,1,50,1,10
10002493,510050PCM02950,50ETF沽12月2950,510050,50ETF,2012,3.4200,10000,2.9500,20200423,20201223,20201223,20201223,EP0N0000E0  ,2201.00,12.00,7.00,1,1,50,1,10
10002494,510050PCM03000,50ETF沽12月3000,510050,50ETF,2012,3.4200,10000,3.0000,20200423,20201223,20201223,20201223,EP0N0000E0  ,2276.00,12.00,7.00,1,1,50,1,10
10002495,510300CCM03400,300ETF购12月3400,510300,300ETF,2012,4.8420,10000,3.4000,20200423,20201223,20201223,20201223,EC0N0000E0  ,20230.40,12.00,7.00,1,1,50,1,10
10002496,510300CCM03500,300ETF购12月3500,510300,300ETF,2012,4.8420,10000,3.5000,20200423,20201223,20201223,20201223,EC0N0000E0  ,19230.40,12.00,7.00,1,1,50,1,10
10002497,510300CCM03600,300ETF购12月3600,510300,300ETF,2012,4.8420,10000,3.6000,20200423,20201223,20201223,20201223,EC0N0000E0  ,18230.40,12.00,7.00,1,1,50,1,10
10002498,510300CCM03700,300ETF购12月3700,510300,300ETF,2012,4.8420,10000,3.7000,20200423,20201223,20201223,20201223,EC0N0000E0  ,17230.40,12.00,7.00,1,1,50,1,10
10002499,510300CCM03800,300ETF购12月3800,510300,300ETF,2012,4.8420,10000,3.8000,20200423,20201223,20201223,20201223,EC0N0000E0  ,16230.40,12.00,7.00,1,1,50,1,10
10002500,510300CCM03900,300ETF购12月3900,510300,300ETF,2012,4.8420,10000,3.9000,20200423,20201223,20201223,20201223,EC0N0000E0  ,15230.40,12.00,7.00,1,1,50,1,10
10002501,510300CCM04000,300ETF购12月4000,510300,300ETF,2012,4.8420,10000,4.0000,20200423,20201223,20201223,20201223,EC0N0000E0  ,14230.40,12.00,7.00,1,1,50,1,10
10002502,510300CCM04100,300ETF购12月4100,510300,300ETF,2012,4.8420,10000,4.1000,20200423,20201223,20201223,20201223,EC0N0000E0  ,13230.40,12.00,7.00,1,1,50,1,10
10002503,510300CCM04200,300ETF购12月4200,510300,300ETF,2012,4.8420,10000,4.2000,20200423,20201223,20201223,20201223,EC0N0000E0  ,12233.40,12.00,7.00,1,1,50,1,10
10002504,510300PCM03400,300ETF沽12月3400,510300,300ETF,2012,4.8420,10000,3.4000,20200423,20201223,20201223,20201223,EP0N0000E0  ,2410.00,12.00,7.00,1,1,50,1,10
10002505,510300PCM03500,300ETF沽12月3500,510300,300ETF,2012,4.8420,10000,3.5000,20200423,20201223,20201223,20201223,EP0N0000E0  ,2491.00,12.00,7.00,1,1,50,1,10
10002506,510300PCM03600,300ETF沽12月3600,510300,300ETF,2012,4.8420,10000,3.6000,20200423,20201223,20201223,20201223,EP0N0000E0  ,2567.00,12.00,7.00,1,1,50,1,10
10002507,510300PCM03700,300ETF沽12月3700,510300,300ETF,2012,4.8420,10000,3.7000,20200423,20201223,20201223,20201223,EP0N0000E0  ,2646.00,12.00,7.00,1,1,50,1,10
10002508,510300PCM03800,300ETF沽12月3800,510300,300ETF,2012,4.8420,10000,3.8000,20200423,20201223,20201223,20201223,EP0N0000E0  ,2727.00,12.00,7.00,1,1,50,1,10
10002509,510300PCM03900,300ETF沽12月3900,510300,300ETF,2012,4.8420,10000,3.9000,20200423,20201223,20201223,20201223,EP0N0000E0  ,2816.00,12.00,7.00,1,1,50,1,10
10002510,510300PCM04000,300ETF沽12月4000,510300,300ETF,2012,4.8420,10000,4.0000,20200423,20201223,20201223,20201223,EP0N0000E0  ,2914.00,12.00,7.00,1,1,50,1,10
10002511,510300PCM04100,300ETF沽12月4100,510300,300ETF,2012,4.8420,10000,4.1000,20200423,20201223,20201223,20201223,EP0N0000E0  ,3028.00,12.00,7.00,1,1,50,1,10
10002512,510300PCM04200,300ETF沽12月4200,510300,300ETF,2012,4.8420,10000,4.2000,20200423,20201223,20201223,20201223,EP0N0000E0  ,3166.00,12.00,7.00,1,1,50,1,10
10002513,510050CCM02550,50ETF购12月2550,510050,50ETF,2012,3.4200,10000,2.5500,20200427,20201223,20201223,20201223,EC0N0000E0  ,12804.00,12.00,7.00,1,1,50,1,10
10002514,510050PCM02550,50ETF沽12月2550,510050,50ETF,2012,3.4200,10000,2.5500,20200427,20201223,20201223,20201223,EP0N0000E0  ,1815.00,12.00,7.00,1,1,50,1,10
10002517,510050CCM03100,50ETF购12月3100,510050,50ETF,2012,3.4200,10000,3.1000,20200430,20201223,20201223,20201223,EC0N0000E0  ,7399.00,12.00,7.00,1,1,50,1,10
10002518,510050PCM03100,50ETF沽12月3100,510050,50ETF,2012,3.4200,10000,3.1000,20200430,20201223,20201223,20201223,EP0N0000E0  ,2467.00,12.00,7.00,1,1,50,1,10
10002521,510300CCM04300,300ETF购12月4300,510300,300ETF,2012,4.8420,10000,4.3000,20200430,20201223,20201223,20201223,EC0N0000E0  ,11230.40,12.00,7.00,1,1,50,1,10
10002522,510300PCM04300,300ETF沽12月4300,510300,300ETF,2012,4.8420,10000,4.3000,20200430,20201223,20201223,20201223,EP0N0000E0  ,3331.00,12.00,7.00,1,1,50,1,10
10002525,510300CCM04400,300ETF购12月4400,510300,300ETF,2012,4.8420,10000,4.4000,20200511,20201223,20201223,20201223,EC0N0000E0  ,10230.40,12.00,7.00,1,1,50,1,10
10002526,510300PCM04400,300ETF沽12月4400,510300,300ETF,2012,4.8420,10000,4.4000,20200511,20201223,20201223,20201223,EP0N0000E0  ,3554.00,12.00,7.00,1,1,50,1,10
10002571,510050CCM03200,50ETF购12月3200,510050,50ETF,2012,3.4200,10000,3.2000,20200603,20201223,20201223,20201223,EC0N0000E0  ,6586.00,12.00,7.00,1,1,50,1,10
10002572,510050PCM03200,50ETF沽12月3200,510050,50ETF,2012,3.4200,10000,3.2000,20200603,20201223,20201223,20201223,EP0N0000E0  ,2740.00,12.00,7.00,1,1,50,1,10
10002575,510300CCM04500,300ETF购12月4500,510300,300ETF,2012,4.8420,10000,4.5000,20200619,20201223,20201223,20201223,EC0N0000E0  ,9435.40,12.00,7.00,1,1,50,1,10
10002576,510300PCM04500,300ETF沽12月4500,510300,300ETF,2012,4.8420,10000,4.5000,20200619,20201223,20201223,20201223,EP0N0000E0  ,3826.00,12.00,7.00,1,1,50,1,10
10002579,510050CCM03300,50ETF购12月3300,510050,50ETF,2012,3.4200,10000,3.3000,20200622,20201223,20201223,20201223,EC0N0000E0  ,5922.00,12.00,7.00,1,1,50,1,10
10002580,510050PCM03300,50ETF沽12月3300,510050,50ETF,2012,3.4200,10000,3.3000,20200622,20201223,20201223,20201223,EP0N0000E0  ,3727.00,12.00,7.00,1,1,50,1,10
10002583,510300CCM04600,300ETF购12月4600,510300,300ETF,2012,4.8420,10000,4.6000,20200629,20201223,20201223,20201223,EC0N0000E0  ,8725.40,12.00,7.00,1,1,50,1,10
10002584,510300PCM04600,300ETF沽12月4600,510300,300ETF,2012,4.8420,10000,4.6000,20200629,20201223,20201223,20201223,EP0N0000E0  ,4348.40,12.00,7.00,1,1,50,1,10
10002627,510050CCM03400,50ETF购12月3400,510050,50ETF,2012,3.4200,10000,3.4000,20200702,20201223,20201223,20201223,EC0N0000E0  ,5373.00,12.00,7.00,1,1,50,1,10
10002628,510050PCM03400,50ETF沽12月3400,510050,50ETF,2012,3.4200,10000,3.4000,20200702,20201223,20201223,20201223,EP0N0000E0  ,5177.00,12.00,7.00,1,1,50,1,10
10002635,510300CCM04700,300ETF购12月4700,510300,300ETF,2012,4.8420,10000,4.7000,20200702,20201223,20201223,20201223,EC0N0000E0  ,8100.40,12.00,7.00,1,1,50,1,10
10002636,510300PCM04700,300ETF沽12月4700,510300,300ETF,2012,4.8420,10000,4.7000,20200702,20201223,20201223,20201223,EP0N0000E0  ,5709.40,12.00,7.00,1,1,50,1,10
10002643,510050CCM03500,50ETF购12月3500,510050,50ETF,2012,3.4200,10000,3.5000,20200703,20201223,20201223,20201223,EC0N0000E0  ,4163.00,12.00,7.00,1,1,50,1,10
10002644,510050PCM03500,50ETF沽12月3500,510050,50ETF,2012,3.4200,10000,3.5000,20200703,20201223,20201223,20201223,EP0N0000E0  ,5969.00,12.00,7.00,1,1,50,1,10
10002651,510300CCM04800,300ETF购12月4800,510300,300ETF,2012,4.8420,10000,4.8000,20200703,20201223,20201223,20201223,EC0N0000E0  ,7577.40,12.00,7.00,1,1,50,1,10
10002652,510300PCM04800,300ETF沽12月4800,510300,300ETF,2012,4.8420,10000,4.8000,20200703,20201223,20201223,20201223,EP0N0000E0  ,7181.40,12.00,7.00,1,1,50,1,10
10002659,510050CCM03600,50ETF购12月3600,510050,50ETF,2012,3.4200,10000,3.6000,20200706,20201223,20201223,20201223,EC0N0000E0  ,2952.00,12.00,7.00,1,1,50,1,10
10002660,510050PCM03600,50ETF沽12月3600,510050,50ETF,2012,3.4200,10000,3.6000,20200706,20201223,20201223,20201223,EP0N0000E0  ,6684.00,12.00,7.00,1,1,50,1,10
10002667,510300CCM04900,300ETF购12月4900,510300,300ETF,2012,4.8420,10000,4.9000,20200706,20201223,20201223,20201223,EC0N0000E0  ,6579.40,12.00,7.00,1,1,50,1,10
10002668,510300PCM04900,300ETF沽12月4900,510300,300ETF,2012,4.8420,10000,4.9000,20200706,20201223,20201223,20201223,EP0N0000E0  ,8189.40,12.00,7.00,1,1,50,1,10
10002687,510050CCM03700,50ETF购12月3700,510050,50ETF,2012,3.4200,10000,3.7000,20200707,20201223,20201223,20201223,EC0N0000E0  ,2779.00,12.00,7.00,1,1,50,1,10
10002688,510050CCM03800,50ETF购12月3800,510050,50ETF,2012,3.4200,10000,3.8000,20200707,20201223,20201223,20201223,EC0N0000E0  ,2658.00,12.00,7.00,1,1,50,1,10
10002689,510050CCM03900,50ETF购12月3900,510050,50ETF,2012,3.4200,10000,3.9000,20200707,20201223,20201223,20201223,EC0N0000E0  ,2580.00,12.00,7.00,1,1,50,1,10
10002690,510050PCM03700,50ETF沽12月3700,510050,50ETF,2012,3.4200,10000,3.7000,20200707,20201223,20201223,20201223,EP0N0000E0  ,7494.00,12.00,7.00,1,1,50,1,10
10002691,510050PCM03800,50ETF沽12月3800,510050,50ETF,2012,3.4200,10000,3.8000,20200707,20201223,20201223,20201223,EP0N0000E0  ,8367.00,12.00,7.00,1,1,50,1,10
10002692,510050PCM03900,50ETF沽12月3900,510050,50ETF,2012,3.4200,10000,3.9000,20200707,20201223,20201223,20201223,EP0N0000E0  ,9268.00,12.00,7.00,1,1,50,1,10
10002711,510300CCM05000,300ETF购12月5000,510300,300ETF,2012,4.8420,10000,5.0000,20200707,20201223,20201223,20201223,EC0N0000E0  ,5247.40,12.00,7.00,1,1,50,1,10
10002712,510300CCM05250,300ETF购12月5250,510300,300ETF,2012,4.8420,10000,5.2500,20200707,20201223,20201223,20201223,EC0N0000E0  ,3891.40,12.00,7.00,1,1,50,1,10
10002713,510300CCM05500,300ETF购12月5500,510300,300ETF,2012,4.8420,10000,5.5000,20200707,20201223,20201223,20201223,EC0N0000E0  ,3642.40,12.00,7.00,1,1,50,1,10
10002714,510300PCM05000,300ETF沽12月5000,510300,300ETF,2012,4.8420,10000,5.0000,20200707,20201223,20201223,20201223,EP0N0000E0  ,8856.40,12.00,7.00,1,1,50,1,10
10002715,510300PCM05250,300ETF沽12月5250,510300,300ETF,2012,4.8420,10000,5.2500,20200707,20201223,20201223,20201223,EP0N0000E0  ,10832.40,12.00,7.00,1,1,50,1,10
10002716,510300PCM05500,300ETF沽12月5500,510300,300ETF,2012,4.8420,10000,5.5000,20200707,20201223,20201223,20201223,EP0N0000E0  ,13096.40,12.00,7.00,1,1,50,1,10
10002723,510300CCM05750,300ETF购12月5750,510300,300ETF,2012,4.8420,10000,5.7500,20200710,20201223,20201223,20201223,EC0N0000E0  ,3538.40,12.00,7.00,1,1,50,1,10
10002724,510300PCM05750,300ETF沽12月5750,510300,300ETF,2012,4.8420,10000,5.7500,20200710,20201223,20201223,20201223,EP0N0000E0  ,15424.40,12.00,7.00,1,1,50,1,10
10002725,510050C3M02950,50ETF购3月2950,510050,50ETF,2103,3.4200,10000,2.9500,20200723,20210324,20210324,20210324,EC0N0000E0  ,8824.00,12.00,7.00,1,1,50,1,10
10002726,510050C3M03000,50ETF购3月3000,510050,50ETF,2103,3.4200,10000,3.0000,20200723,20210324,20210324,20210324,EC0N0000E0  ,8431.00,12.00,7.00,1,1,50,1,10
10002727,510050C3M03100,50ETF购3月3100,510050,50ETF,2103,3.4200,10000,3.1000,20200723,20210324,20210324,20210324,EC0N0000E0  ,7694.00,12.00,7.00,1,1,50,1,10
10002728,510050C3M03200,50ETF购3月3200,510050,50ETF,2103,3.4200,10000,3.2000,20200723,20210324,20210324,20210324,EC0N0000E0  ,7038.00,12.00,7.00,1,1,50,1,10
10002729,510050C3M03300,50ETF购3月3300,510050,50ETF,2103,3.4200,10000,3.3000,20200723,20210324,20210324,20210324,EC0N0000E0  ,6484.00,12.00,7.00,1,1,50,1,10
10002730,510050C3M03400,50ETF购3月3400,510050,50ETF,2103,3.4200,10000,3.4000,20200723,20210324,20210324,20210324,EC0N0000E0  ,5993.00,12.00,7.00,1,1,50,1,10
10002731,510050C3M03500,50ETF购3月3500,510050,50ETF,2103,3.4200,10000,3.5000,20200723,20210324,20210324,20210324,EC0N0000E0  ,4775.00,12.00,7.00,1,1,50,1,10
10002732,510050C3M03600,50ETF购3月3600,510050,50ETF,2103,3.4200,10000,3.6000,20200723,20210324,20210324,20210324,EC0N0000E0  ,3553.00,12.00,7.00,1,1,50,1,10
10002733,510050C3M03700,50ETF购3月3700,510050,50ETF,2103,3.4200,10000,3.7000,20200723,20210324,20210324,20210324,EC0N0000E0  ,3296.00,12.00,7.00,1,1,50,1,10
10002734,510050P3M02950,50ETF沽3月2950,510050,50ETF,2103,3.4200,10000,2.9500,20200723,20210324,20210324,20210324,EP0N0000E0  ,2577.00,12.00,7.00,1,1,50,1,10
10002735,510050P3M03000,50ETF沽3月3000,510050,50ETF,2103,3.4200,10000,3.0000,20200723,20210324,20210324,20210324,EP0N0000E0  ,2714.00,12.00,7.00,1,1,50,1,10
10002736,510050P3M03100,50ETF沽3月3100,510050,50ETF,2103,3.4200,10000,3.1000,20200723,20210324,20210324,20210324,EP0N0000E0  ,3045.00,12.00,7.00,1,1,50,1,10
10002737,510050P3M03200,50ETF沽3月3200,510050,50ETF,2103,3.4200,10000,3.2000,20200723,20210324,20210324,20210324,EP0N0000E0  ,3446.00,12.00,7.00,1,1,50,1,10
10002738,510050P3M03300,50ETF沽3月3300,510050,50ETF,2103,3.4200,10000,3.3000,20200723,20210324,20210324,20210324,EP0N0000E0  ,4529.00,12.00,7.00,1,1,50,1,10
10002739,510050P3M03400,50ETF沽3月3400,510050,50ETF,2103,3.4200,10000,3.4000,20200723,20210324,20210324,20210324,EP0N0000E0  ,6008.00,12.00,7.00,1,1,50,1,10
10002740,510050P3M03500,50ETF沽3月3500,510050,50ETF,2103,3.4200,10000,3.5000,20200723,20210324,20210324,20210324,EP0N0000E0  ,6828.00,12.00,7.00,1,1,50,1,10
10002741,510050P3M03600,50ETF沽3月3600,510050,50ETF,2103,3.4200,10000,3.6000,20200723,20210324,20210324,20210324,EP0N0000E0  ,7501.00,12.00,7.00,1,1,50,1,10
10002742,510050P3M03700,50ETF沽3月3700,510050,50ETF,2103,3.4200,10000,3.7000,20200723,20210324,20210324,20210324,EP0N0000E0  ,8233.00,12.00,7.00,1,1,50,1,10
10002743,510300C3M04400,300ETF购3月4400,510300,300ETF,2103,4.8420,10000,4.4000,20200723,20210324,20210324,20210324,EC0N0000E0  ,10552.40,12.00,7.00,1,1,50,1,10
10002744,510300C3M04500,300ETF购3月4500,510300,300ETF,2103,4.8420,10000,4.5000,20200723,20210324,20210324,20210324,EC0N0000E0  ,9908.40,12.00,7.00,1,1,50,1,10
10002745,510300C3M04600,300ETF购3月4600,510300,300ETF,2103,4.8420,10000,4.6000,20200723,20210324,20210324,20210324,EC0N0000E0  ,9330.40,12.00,7.00,1,1,50,1,10
10002746,510300C3M04700,300ETF购3月4700,510300,300ETF,2103,4.8420,10000,4.7000,20200723,20210324,20210324,20210324,EC0N0000E0  ,8795.40,12.00,7.00,1,1,50,1,10
10002747,510300C3M04800,300ETF购3月4800,510300,300ETF,2103,4.8420,10000,4.8000,20200723,20210324,20210324,20210324,EC0N0000E0  ,8362.40,12.00,7.00,1,1,50,1,10
10002748,510300C3M04900,300ETF购3月4900,510300,300ETF,2103,4.8420,10000,4.9000,20200723,20210324,20210324,20210324,EC0N0000E0  ,7393.40,12.00,7.00,1,1,50,1,10
10002749,510300C3M05000,300ETF购3月5000,510300,300ETF,2103,4.8420,10000,5.0000,20200723,20210324,20210324,20210324,EC0N0000E0  ,6068.40,12.00,7.00,1,1,50,1,10
10002750,510300C3M05250,300ETF购3月5250,510300,300ETF,2103,4.8420,10000,5.2500,20200723,20210324,20210324,20210324,EC0N0000E0  ,4582.40,12.00,7.00,1,1,50,1,10
10002751,510300C3M05500,300ETF购3月5500,510300,300ETF,2103,4.8420,10000,5.5000,20200723,20210324,20210324,20210324,EC0N0000E0  ,4177.40,12.00,7.00,1,1,50,1,10
10002752,510300P3M04400,300ETF沽3月4400,510300,300ETF,2103,4.8420,10000,4.4000,20200723,20210324,20210324,20210324,EP0N0000E0  ,4417.00,12.00,7.00,1,1,50,1,10
10002753,510300P3M04500,300ETF沽3月4500,510300,300ETF,2103,4.8420,10000,4.5000,20200723,20210324,20210324,20210324,EP0N0000E0  ,4842.00,12.00,7.00,1,1,50,1,10
10002754,510300P3M04600,300ETF沽3月4600,510300,300ETF,2103,4.8420,10000,4.6000,20200723,20210324,20210324,20210324,EP0N0000E0  ,5488.40,12.00,7.00,1,1,50,1,10
10002755,510300P3M04700,300ETF沽3月4700,510300,300ETF,2103,4.8420,10000,4.7000,20200723,20210324,20210324,20210324,EP0N0000E0  ,6960.40,12.00,7.00,1,1,50,1,10
10002756,510300P3M04800,300ETF沽3月4800,510300,300ETF,2103,4.8420,10000,4.8000,20200723,20210324,20210324,20210324,EP0N0000E0  ,8510.40,12.00,7.00,1,1,50,1,10
10002757,510300P3M04900,300ETF沽3月4900,510300,300ETF,2103,4.8420,10000,4.9000,20200723,20210324,20210324,20210324,EP0N0000E0  ,9528.40,12.00,7.00,1,1,50,1,10
10002758,510300P3M05000,300ETF沽3月5000,510300,300ETF,2103,4.8420,10000,5.0000,20200723,20210324,20210324,20210324,EP0N0000E0  ,10181.40,12.00,7.00,1,1,50,1,10
10002759,510300P3M05250,300ETF沽3月5250,510300,300ETF,2103,4.8420,10000,5.2500,20200723,20210324,20210324,20210324,EP0N0000E0  ,12025.40,12.00,7.00,1,1,50,1,10
10002760,510300P3M05500,300ETF沽3月5500,510300,300ETF,2103,4.8420,10000,5.5000,20200723,20210324,20210324,20210324,EP0N0000E0  ,14070.40,12.00,7.00,1,1,50,1,10
10002761,510050C3M02900,50ETF购3月2900,510050,50ETF,2103,3.4200,10000,2.9000,20200727,20210324,20210324,20210324,EC0N0000E0  ,9304.00,12.00,7.00,1,1,50,1,10
10002762,510050P3M02900,50ETF沽3月2900,510050,50ETF,2103,3.4200,10000,2.9000,20200727,20210324,20210324,20210324,EP0N0000E0  ,2458.00,12.00,7.00,1,1,50,1,10
10002763,510300C3M04200,300ETF购3月4200,510300,300ETF,2103,4.8420,10000,4.2000,20200727,20210324,20210324,20210324,EC0N0000E0  ,12233.40,12.00,7.00,1,1,50,1,10
10002764,510300C3M04300,300ETF购3月4300,510300,300ETF,2103,4.8420,10000,4.3000,20200727,20210324,20210324,20210324,EC0N0000E0  ,11258.40,12.00,7.00,1,1,50,1,10
10002765,510300P3M04200,300ETF沽3月4200,510300,300ETF,2103,4.8420,10000,4.2000,20200727,20210324,20210324,20210324,EP0N0000E0  ,3768.00,12.00,7.00,1,1,50,1,10
10002766,510300P3M04300,300ETF沽3月4300,510300,300ETF,2103,4.8420,10000,4.3000,20200727,20210324,20210324,20210324,EP0N0000E0  ,4076.00,12.00,7.00,1,1,50,1,10
10002767,510050C3M03800,50ETF购3月3800,510050,50ETF,2103,3.4200,10000,3.8000,20200805,20210324,20210324,20210324,EC0N0000E0  ,3105.00,12.00,7.00,1,1,50,1,10
10002768,510050P3M03800,50ETF沽3月3800,510050,50ETF,2103,3.4200,10000,3.8000,20200805,20210324,20210324,20210324,EP0N0000E0  ,9026.00,12.00,7.00,1,1,50,1,10
10002769,510300C3M05750,300ETF购3月5750,510300,300ETF,2103,4.8420,10000,5.7500,20200818,20210324,20210324,20210324,EC0N0000E0  ,3916.40,12.00,7.00,1,1,50,1,10
10002770,510300P3M05750,300ETF沽3月5750,510300,300ETF,2103,4.8420,10000,5.7500,20200818,20210324,20210324,20210324,EP0N0000E0  ,16305.40,12.00,7.00,1,1,50,1,10
10002771,510050CAM02950,50ETF购10月2950,510050,50ETF,2010,3.4200,10000,2.9500,20200827,20201028,20201028,20201028,EC0N0010E0  ,8804.00,12.00,7.00,1,1,50,1,10
10002772,510050CAM03000,50ETF购10月3000,510050,50ETF,2010,3.4200,10000,3.0000,20200827,20201028,20201028,20201028,EC0N0010E0  ,8326.00,12.00,7.00,1,1,50,1,10
10002773,510050CAM03100,50ETF购10月3100,510050,50ETF,2010,3.4200,10000,3.1000,20200827,20201028,20201028,20201028,EC0N0010E0  ,7304.00,12.00,7.00,1,1,50,1,10
10002774,510050CAM03200,50ETF购10月3200,510050,50ETF,2010,3.4200,10000,3.2000,20200827,20201028,20201028,20201028,EC0N0010E0  ,6305.00,12.00,7.00,1,1,50,1,10
10002775,510050CAM03300,50ETF购10月3300,510050,50ETF,2010,3.4200,10000,3.3000,20200827,20201028,20201028,20201028,EC0N0010E0  ,5332.00,12.00,7.00,1,1,50,1,10
10002776,510050CAM03400,50ETF购10月3400,510050,50ETF,2010,3.4200,10000,3.4000,20200827,20201028,20201028,20201028,EC0N0010E0  ,4520.00,12.00,7.00,1,1,50,1,10
10002777,510050CAM03500,50ETF购10月3500,510050,50ETF,2010,3.4200,10000,3.5000,20200827,20201028,20201028,20201028,EC0N0010E0  ,3379.00,12.00,7.00,1,1,50,1,10
10002778,510050CAM03600,50ETF购10月3600,510050,50ETF,2010,3.4200,10000,3.6000,20200827,20201028,20201028,20201028,EC0N0010E0  ,2410.00,12.00,7.00,1,1,50,1,10
10002779,510050CAM03700,50ETF购10月3700,510050,50ETF,2010,3.4200,10000,3.7000,20200827,20201028,20201028,20201028,EC0N0010E0  ,2401.00,12.00,7.00,1,1,50,1,10
10002780,510050PAM02950,50ETF沽10月2950,510050,50ETF,2010,3.4200,10000,2.9500,20200827,20201028,20201028,20201028,EP0N0010E0  ,2067.00,12.00,7.00,1,1,50,1,10
10002781,510050PAM03000,50ETF沽10月3000,510050,50ETF,2010,3.4200,10000,3.0000,20200827,20201028,20201028,20201028,EP0N0010E0  ,2102.00,12.00,7.00,1,1,50,1,10
10002782,510050PAM03100,50ETF沽10月3100,510050,50ETF,2010,3.4200,10000,3.1000,20200827,20201028,20201028,20201028,EP0N0010E0  ,2172.00,12.00,7.00,1,1,50,1,10
10002783,510050PAM03200,50ETF沽10月3200,510050,50ETF,2010,3.4200,10000,3.2000,20200827,20201028,20201028,20201028,EP0N0010E0  ,2247.00,12.00,7.00,1,1,50,1,10
10002784,510050PAM03300,50ETF沽10月3300,510050,50ETF,2010,3.4200,10000,3.3000,20200827,20201028,20201028,20201028,EP0N0010E0  ,2941.00,12.00,7.00,1,1,50,1,10
10002785,510050PAM03400,50ETF沽10月3400,510050,50ETF,2010,3.4200,10000,3.4000,20200827,20201028,20201028,20201028,EP0N0010E0  ,4124.00,12.00,7.00,1,1,50,1,10
10002786,510050PAM03500,50ETF沽10月3500,510050,50ETF,2010,3.4200,10000,3.5000,20200827,20201028,20201028,20201028,EP0N0010E0  ,4970.00,12.00,7.00,1,1,50,1,10
10002787,510050PAM03600,50ETF沽10月3600,510050,50ETF,2010,3.4200,10000,3.6000,20200827,20201028,20201028,20201028,EP0N0010E0  ,5905.00,12.00,7.00,1,1,50,1,10
10002788,510050PAM03700,50ETF沽10月3700,510050,50ETF,2010,3.4200,10000,3.7000,20200827,20201028,20201028,20201028,EP0N0010E0  ,6912.00,12.00,7.00,1,1,50,1,10
10002789,510300CAM04400,300ETF购10月4400,510300,300ETF,2010,4.8420,10000,4.4000,20200827,20201028,20201028,20201028,EC0N0010E0  ,10230.40,12.00,7.00,1,1,50,1,10
10002790,510300CAM04500,300ETF购10月4500,510300,300ETF,2010,4.8420,10000,4.5000,20200827,20201028,20201028,20201028,EC0N0010E0  ,9230.40,12.00,7.00,1,1,50,1,10
10002791,510300CAM04600,300ETF购10月4600,510300,300ETF,2010,4.8420,10000,4.6000,20200827,20201028,20201028,20201028,EC0N0010E0  ,8274.40,12.00,7.00,1,1,50,1,10
10002792,510300CAM04700,300ETF购10月4700,510300,300ETF,2010,4.8420,10000,4.7000,20200827,20201028,20201028,20201028,EC0N0010E0  ,7282.40,12.00,7.00,1,1,50,1,10
10002793,510300CAM04800,300ETF购10月4800,510300,300ETF,2010,4.8420,10000,4.8000,20200827,20201028,20201028,20201028,EC0N0010E0  ,6493.40,12.00,7.00,1,1,50,1,10
10002794,510300CAM04900,300ETF购10月4900,510300,300ETF,2010,4.8420,10000,4.9000,20200827,20201028,20201028,20201028,EC0N0010E0  ,5443.40,12.00,7.00,1,1,50,1,10
10002795,510300CAM05000,300ETF购10月5000,510300,300ETF,2010,4.8420,10000,5.0000,20200827,20201028,20201028,20201028,EC0N0010E0  ,4287.40,12.00,7.00,1,1,50,1,10
10002796,510300CAM05250,300ETF购10月5250,510300,300ETF,2010,4.8420,10000,5.2500,20200827,20201028,20201028,20201028,EC0N0010E0  ,3396.40,12.00,7.00,1,1,50,1,10
10002797,510300CAM05500,300ETF购10月5500,510300,300ETF,2010,4.8420,10000,5.5000,20200827,20201028,20201028,20201028,EC0N0010E0  ,3394.40,12.00,7.00,1,1,50,1,10
10002798,510300PAM04400,300ETF沽10月4400,510300,300ETF,2010,4.8420,10000,4.4000,20200827,20201028,20201028,20201028,EP0N0010E0  ,3084.00,12.00,7.00,1,1,50,1,10
10002799,510300PAM04500,300ETF沽10月4500,510300,300ETF,2010,4.8420,10000,4.5000,20200827,20201028,20201028,20201028,EP0N0010E0  ,3159.00,12.00,7.00,1,1,50,1,10
10002800,510300PAM04600,300ETF沽10月4600,510300,300ETF,2010,4.8420,10000,4.6000,20200827,20201028,20201028,20201028,EP0N0010E0  ,3412.40,12.00,7.00,1,1,50,1,10
10002801,510300PAM04700,300ETF沽10月4700,510300,300ETF,2010,4.8420,10000,4.7000,20200827,20201028,20201028,20201028,EP0N0010E0  ,4454.40,12.00,7.00,1,1,50,1,10
10002802,510300PAM04800,300ETF沽10月4800,510300,300ETF,2010,4.8420,10000,4.8000,20200827,20201028,20201028,20201028,EP0N0010E0  ,5656.40,12.00,7.00,1,1,50,1,10
10002803,510300PAM04900,300ETF沽10月4900,510300,300ETF,2010,4.8420,10000,4.9000,20200827,20201028,20201028,20201028,EP0N0010E0  ,6604.40,12.00,7.00,1,1,50,1,10
10002804,510300PAM05000,300ETF沽10月5000,510300,300ETF,2010,4.8420,10000,5.0000,20200827,20201028,20201028,20201028,EP0N0010E0  ,7463.40,12.00,7.00,1,1,50,1,10
10002805,510300PAM05250,300ETF沽10月5250,510300,300ETF,2010,4.8420,10000,5.2500,20200827,20201028,20201028,20201028,EP0N0010E0  ,9908.40,12.00,7.00,1,1,50,1,10
10002806,510300PAM05500,300ETF沽10月5500,510300,300ETF,2010,4.8420,10000,5.5000,20200827,20201028,20201028,20201028,EP0N0010E0  ,12423.40,12.00,7.00,1,1,50,1,10
10002807,510050CAM03800,50ETF购10月3800,510050,50ETF,2010,3.4200,10000,3.8000,20200831,20201028,20201028,20201028,EC0N0010E0  ,2397.00,12.00,7.00,1,1,50,1,10
10002808,510050PAM03800,50ETF沽10月3800,510050,50ETF,2010,3.4200,10000,3.8000,20200831,20201028,20201028,20201028,EP0N0010E0  ,7912.00,12.00,7.00,1,1,50,1,10
10002809,510300CAM05750,300ETF购10月5750,510300,300ETF,2010,4.8420,10000,5.7500,20200831,20201028,20201028,20201028,EC0N0010E0  ,3392.40,12.00,7.00,1,1,50,1,10
10002810,510300PAM05750,300ETF沽10月5750,510300,300ETF,2010,4.8420,10000,5.7500,20200831,20201028,20201028,20201028,EP0N0010E0  ,14924.40,12.00,7.00,1,1,50,1,10
10002811,510300CAM04300,300ETF购10月4300,510300,300ETF,2010,4.8420,10000,4.3000,20200908,20201028,20201028,20201028,EC0N0010E0  ,11230.40,12.00,7.00,1,1,50,1,10
10002812,510300PAM04300,300ETF沽10月4300,510300,300ETF,2010,4.8420,10000,4.3000,20200908,20201028,20201028,20201028,EP0N0010E0  ,3013.00,12.00,7.00,1,1,50,1,10
10002813,510300CAM04200,300ETF购10月4200,510300,300ETF,2010,4.8420,10000,4.2000,20200910,20201028,20201028,20201028,EC0N0010E0  ,12233.40,12.00,7.00,1,1,50,1,10
10002814,510300PAM04200,300ETF沽10月4200,510300,300ETF,2010,4.8420,10000,4.2000,20200910,20201028,20201028,20201028,EP0N0010E0  ,2942.00,12.00,7.00,1,1,50,1,10
10002815,510050CBM02950,50ETF购11月2950,510050,50ETF,2011,3.4200,10000,2.9500,20200924,20201125,20201125,20201125,EC0N0000E0  ,8814.00,12.00,7.00,1,1,50,1,10
10002816,510050CBM03000,50ETF购11月3000,510050,50ETF,2011,3.4200,10000,3.0000,20200924,20201125,20201125,20201125,EC0N0000E0  ,8326.00,12.00,7.00,1,1,50,1,10
10002817,510050CBM03100,50ETF购11月3100,510050,50ETF,2011,3.4200,10000,3.1000,20200924,20201125,20201125,20201125,EC0N0000E0  ,7399.00,12.00,7.00,1,1,50,1,10
10002818,510050CBM03200,50ETF购11月3200,510050,50ETF,2011,3.4200,10000,3.2000,20200924,20201125,20201125,20201125,EC0N0000E0  ,6485.00,12.00,7.00,1,1,50,1,10
10002819,510050CBM03300,50ETF购11月3300,510050,50ETF,2011,3.4200,10000,3.3000,20200924,20201125,20201125,20201125,EC0N0000E0  ,5703.00,12.00,7.00,1,1,50,1,10
10002820,510050CBM03400,50ETF购11月3400,510050,50ETF,2011,3.4200,10000,3.4000,20200924,20201125,20201125,20201125,EC0N0000E0  ,5091.00,12.00,7.00,1,1,50,1,10
10002821,510050CBM03500,50ETF购11月3500,510050,50ETF,2011,3.4200,10000,3.5000,20200924,20201125,20201125,20201125,EC0N0000E0  ,3860.00,12.00,7.00,1,1,50,1,10
10002822,510050CBM03600,50ETF购11月3600,510050,50ETF,2011,3.4200,10000,3.6000,20200924,20201125,20201125,20201125,EC0N0000E0  ,2705.00,12.00,7.00,1,1,50,1,10
10002823,510050CBM03700,50ETF购11月3700,510050,50ETF,2011,3.4200,10000,3.7000,20200924,20201125,20201125,20201125,EC0N0000E0  ,2550.00,12.00,7.00,1,1,50,1,10
10002824,510050PBM02950,50ETF沽11月2950,510050,50ETF,2011,3.4200,10000,2.9500,20200924,20201125,20201125,20201125,EP0N0000E0  ,2099.00,12.00,7.00,1,1,50,1,10
10002825,510050PBM03000,50ETF沽11月3000,510050,50ETF,2011,3.4200,10000,3.0000,20200924,20201125,20201125,20201125,EP0N0000E0  ,2150.00,12.00,7.00,1,1,50,1,10
10002826,510050PBM03100,50ETF沽11月3100,510050,50ETF,2011,3.4200,10000,3.1000,20200924,20201125,20201125,20201125,EP0N0000E0  ,2267.00,12.00,7.00,1,1,50,1,10
10002827,510050PBM03200,50ETF沽11月3200,510050,50ETF,2011,3.4200,10000,3.2000,20200924,20201125,20201125,20201125,EP0N0000E0  ,2440.00,12.00,7.00,1,1,50,1,10
10002828,510050PBM03300,50ETF沽11月3300,510050,50ETF,2011,3.4200,10000,3.3000,20200924,20201125,20201125,20201125,EP0N0000E0  ,3324.00,12.00,7.00,1,1,50,1,10
10002829,510050PBM03400,50ETF沽11月3400,510050,50ETF,2011,3.4200,10000,3.4000,20200924,20201125,20201125,20201125,EP0N0000E0  ,4704.00,12.00,7.00,1,1,50,1,10
10002830,510050PBM03500,50ETF沽11月3500,510050,50ETF,2011,3.4200,10000,3.5000,20200924,20201125,20201125,20201125,EP0N0000E0  ,5476.00,12.00,7.00,1,1,50,1,10
10002831,510050PBM03600,50ETF沽11月3600,510050,50ETF,2011,3.4200,10000,3.6000,20200924,20201125,20201125,20201125,EP0N0000E0  ,6220.00,12.00,7.00,1,1,50,1,10
10002832,510050PBM03700,50ETF沽11月3700,510050,50ETF,2011,3.4200,10000,3.7000,20200924,20201125,20201125,20201125,EP0N0000E0  ,7070.00,12.00,7.00,1,1,50,1,10
10002833,510300CBM04300,300ETF购11月4300,510300,300ETF,2011,4.8420,10000,4.3000,20200924,20201125,20201125,20201125,EC0N0000E0  ,11230.40,12.00,7.00,1,1,50,1,10
10002834,510300CBM04400,300ETF购11月4400,510300,300ETF,2011,4.8420,10000,4.4000,20200924,20201125,20201125,20201125,EC0N0000E0  ,10230.40,12.00,7.00,1,1,50,1,10
10002835,510300CBM04500,300ETF购11月4500,510300,300ETF,2011,4.8420,10000,4.5000,20200924,20201125,20201125,20201125,EC0N0000E0  ,9321.40,12.00,7.00,1,1,50,1,10
10002836,510300CBM04600,300ETF购11月4600,510300,300ETF,2011,4.8420,10000,4.6000,20200924,20201125,20201125,20201125,EC0N0000E0  ,8501.40,12.00,7.00,1,1,50,1,10
10002837,510300CBM04700,300ETF购11月4700,510300,300ETF,2011,4.8420,10000,4.7000,20200924,20201125,20201125,20201125,EC0N0000E0  ,7776.40,12.00,7.00,1,1,50,1,10
10002838,510300CBM04800,300ETF购11月4800,510300,300ETF,2011,4.8420,10000,4.8000,20200924,20201125,20201125,20201125,EC0N0000E0  ,7172.40,12.00,7.00,1,1,50,1,10
10002839,510300CBM04900,300ETF购11月4900,510300,300ETF,2011,4.8420,10000,4.9000,20200924,20201125,20201125,20201125,EC0N0000E0  ,6147.40,12.00,7.00,1,1,50,1,10
10002840,510300CBM05000,300ETF购11月5000,510300,300ETF,2011,4.8420,10000,5.0000,20200924,20201125,20201125,20201125,EC0N0000E0  ,4827.40,12.00,7.00,1,1,50,1,10
10002841,510300CBM05250,300ETF购11月5250,510300,300ETF,2011,4.8420,10000,5.2500,20200924,20201125,20201125,20201125,EC0N0000E0  ,3586.40,12.00,7.00,1,1,50,1,10
10002842,510300PBM04300,300ETF沽11月4300,510300,300ETF,2011,4.8420,10000,4.3000,20200924,20201125,20201125,20201125,EP0N0000E0  ,3117.00,12.00,7.00,1,1,50,1,10
10002843,510300PBM04400,300ETF沽11月4400,510300,300ETF,2011,4.8420,10000,4.4000,20200924,20201125,20201125,20201125,EP0N0000E0  ,3251.00,12.00,7.00,1,1,50,1,10
10002844,510300PBM04500,300ETF沽11月4500,510300,300ETF,2011,4.8420,10000,4.5000,20200924,20201125,20201125,20201125,EP0N0000E0  ,3434.00,12.00,7.00,1,1,50,1,10
10002845,510300PBM04600,300ETF沽11月4600,510300,300ETF,2011,4.8420,10000,4.6000,20200924,20201125,20201125,20201125,EP0N0000E0  ,3845.40,12.00,7.00,1,1,50,1,10
10002846,510300PBM04700,300ETF沽11月4700,510300,300ETF,2011,4.8420,10000,4.7000,20200924,20201125,20201125,20201125,EP0N0000E0  ,5140.40,12.00,7.00,1,1,50,1,10
10002847,510300PBM04800,300ETF沽11月4800,510300,300ETF,2011,4.8420,10000,4.8000,20200924,20201125,20201125,20201125,EP0N0000E0  ,6534.40,12.00,7.00,1,1,50,1,10
10002848,510300PBM04900,300ETF沽11月4900,510300,300ETF,2011,4.8420,10000,4.9000,20200924,20201125,20201125,20201125,EP0N0000E0  ,7501.40,12.00,7.00,1,1,50,1,10
10002849,510300PBM05000,300ETF沽11月5000,510300,300ETF,2011,4.8420,10000,5.0000,20200924,20201125,20201125,20201125,EP0N0000E0  ,8180.40,12.00,7.00,1,1,50,1,10
10002850,510300PBM05250,300ETF沽11月5250,510300,300ETF,2011,4.8420,10000,5.2500,20200924,20201125,20201125,20201125,EP0N0000E0  ,10228.40,12.00,7.00,1,1,50,1,10
10002851,510300CBM04200,300ETF购11月4200,510300,300ETF,2011,4.8420,10000,4.2000,20200925,20201125,20201125,20201125,EC0N0000E0  ,12233.40,12.00,7.00,1,1,50,1,10
10002852,510300PBM04200,300ETF沽11月4200,510300,300ETF,2011,4.8420,10000,4.2000,20200925,20201125,20201125,20201125,EP0N0000E0  ,3008.00,12.00,7.00,1,1,50,1,10
10002853,510050CBM03800,50ETF购11月3800,510050,50ETF,2011,3.4200,10000,3.8000,20201013,20201125,20201125,20201125,EC0N0000E0  ,2482.00,12.00,7.00,1,1,50,1,10
10002854,510050PBM03800,50ETF沽11月3800,510050,50ETF,2011,3.4200,10000,3.8000,20201013,20201125,20201125,20201125,EP0N0000E0  ,8010.00,12.00,7.00,1,1,50,1,10
10002855,510300CBM05500,300ETF购11月5500,510300,300ETF,2011,4.8420,10000,5.5000,20201013,20201125,20201125,20201125,EC0N0000E0  ,3463.40,12.00,7.00,1,1,50,1,10
10002856,510300CBM05750,300ETF购11月5750,510300,300ETF,2011,4.8420,10000,5.7500,20201013,20201125,20201125,20201125,EC0N0000E0  ,3428.40,12.00,7.00,1,1,50,1,10
10002857,510300PBM05500,300ETF沽11月5500,510300,300ETF,2011,4.8420,10000,5.5000,20201013,20201125,20201125,20201125,EP0N0000E0  ,12642.40,12.00,7.00,1,1,50,1,10
10002858,510300PBM05750,300ETF沽11月5750,510300,300ETF,2011,4.8420,10000,5.7500,20201013,20201125,20201125,20201125,EP0N0000E0  ,15060.40,12.00,7.00,1,1,50,1,10
