#三板拟转A股
430017
430037
430057
430174
430222
430229
430234
430346
430405
430432
430459
430476
430478
430505
430555
430621
430662
430682
430738
430746
830779
830782
830819
830837
830849
830852
830859
830881
830885
830894
830931
830940
830970
831019
831053
831063
831067
831068
831087
831099
831137
831152
831167
831173
831187
831200
831209
831237
831243
831247
831274
831284
831344
831353
831359
831376
831397
831417
831463
831475
831507
831518
831550
831603
831608
831641
831697
831710
831719
831741
831807
831827
831839
831866
831888
831890
831891
831906
831954
831981
831988
832003
832010
832027
832041
832047
832086
832089
832119
832131
832219
832238
832255
832257
832262
832265
832305
832334
832344
832372
832390
832419
832432
832554
832563
832666
832684
832707
832709
832715
832737
832800
832802
832853
832861
832898
832946
832950
832953
832964
832978
832982
832989
832992
833024
833137
833175
833221
833260
833300
833310
833340
833371
833377
833387
833414
833423
833465
833491
833505
833573
833585
833629
833632
833637
833640
833645
833664
833682
833742
833745
833747
833755
833757
833770
833839
833840
833851
833914
833932
833937
833977
833988
834003
834062
834069
834166
834179
834182
834243
834261
834316
834376
834418
834470
834478
834489
834520
834607
834620
834639
834661
834662
834718
834720
834793
834839
834892
834893
834915
834933
834948
834971
834978
835017
835196
835208
835212
835223
835387
835401
835409
835457
835490
835572
835595
835637
835666
835679
835723
835776
835849
835939
835941
835985
836014
836027
836155
836159
836227
836302
836312
836391
836419
836531
836619
836651
836709
836717
836763
836769
836780
836800
836888
836944
836957
837008
837009
837044
837129
837134
837205
837480
837503
837506
837526
837606
837611
837679
837724
837819
837865
837878
837939
838053
838107
838260
838536
838580
838701
838705
838724
838790
838907
838966
838982
839036
839122
839276
839371
839629
839711
839719
839724
839737
839749
839792
839826
839942
839999
870046
870156
870168
870357
870432
870447
870466
870624
870801
871053
871084
871091
871326
871329
871392
871462
871628
871728
871814
871840
871860
871870
871973
872062
872093
872337
872387
872731
872777
872952
872953
873023
#三板新进挂牌(近1个月)
400082
873479
873486
873491
873495
873499
873500
873509
#三板拟转精选层
430014
430193
430208
430217
430225
430236
430335
430485
430488
430515
430539
430578
430755
430761
830832
830978
831049
831114
831129
831142
831193
831242
831287
831305
831311
831367
831415
831510
831511
831672
831726
831768
831815
831885
831929
832077
832110
832149
832171
832327
832389
832510
832532
832567
832586
832645
832646
832735
832749
832783
832885
832924
833004
833120
833197
833332
833346
833429
833580
833873
833881
833936
834037
834082
834342
834410
834549
834611
834618
834729
834765
834888
835033
835068
835174
835193
835300
835305
835476
835654
835681
835787
835961
836052
836077
836108
836109
836113
836127
836208
836213
836239
836261
836346
836464
836665
836720
836805
836809
836859
836871
836885
836892
837012
837090
837092
837212
837228
837331
837353
837592
837747
837821
837891
837899
837920
837935
838162
838381
838570
838641
838804
838849
838924
839181
839295
839574
839597
839680
839790
839874
839884
870040
870043
870264
870382
870436
870536
870608
870706
870984
871129
871424
871540
871553
871642
871671
871923
872049
872149
872230
872351
872392
872632
872665
872668
872748
#三板最近成交活跃
430335
430566
830899
831200
832399
833565
834599
834815
835185
835368
835875
836077
836159
836190
837174
837331
839732
871248
#三板成指成分股
430005
430009
430014
430017
430019
430021
430025
430034
430037
430051
430052
430053
430054
430056
430057
430062
430073
430074
430075
430080
430082
430084
430091
430094
430097
430105
430109
430120
430127
430139
430140
430143
430145
430156
430159
430161
430163
430165
430168
430169
430170
430174
430175
430179
430182
430193
430198
430211
430215
430216
430217
430222
430229
430236
430238
430258
430262
430267
430271
430274
430276
430277
430283
430286
430287
430290
430293
430300
430305
430318
430324
430330
430334
430335
430338
430346
430347
430353
430356
430358
430359
430369
430372
430375
430377
430381
430382
430385
430387
430391
430392
430393
430394
430396
430397
430405
430408
430412
430418
430427
430428
430432
430437
430443
430447
430455
430457
430459
430460
430461
430465
430476
430478
430482
430485
430488
430489
430493
430496
430497
430499
430504
430505
430508
430513
430516
430524
430539
430547
430549
430552
430556
430558
430562
430564
430570
430573
430578
430579
430582
430588
430590
430592
430595
430596
430601
430607
430620
430623
430630
430638
430646
430653
430659
430661
430667
430671
430675
430676
430682
430685
430690
430695
430703
430718
430719
430724
430727
430732
430733
430742
430753
430755
430761
430762
430764
830771
830772
830775
830776
830779
830782
830783
830798
830799
830803
830806
830807
830809
830810
830813
830818
830821
830827
830828
830829
830830
830832
830833
830837
830839
830843
830849
830851
830852
830853
830855
830859
830872
830875
830877
830879
830885
830886
830888
830889
830892
830894
830899
830902
830904
830911
830913
830920
830921
830923
830933
830936
830938
830939
830940
830944
830945
830946
830949
830955
830964
830966
830969
830972
830974
830978
830980
830986
830988
830990
830993
830999
831003
831006
831009
831010
831014
831015
831019
831021
831023
831025
831027
831029
831033
831034
831039
831049
831053
831054
831055
831057
831062
831063
831064
831067
831068
831078
831081
831083
831092
831096
831099
831101
831107
831108
831114
831118
831122
831129
831131
831133
831140
831142
831149
831150
831151
831159
831167
831175
831176
831177
831178
831184
831185
831188
831193
831195
831198
831200
831201
831203
831205
831207
831208
831216
831222
831235
831237
831240
831242
831244
831247
831248
831251
831252
831253
831265
831266
831269
831274
831275
831276
831278
831284
831287
831289
831297
831299
831305
831308
831311
831315
831319
831321
831323
831325
831327
831330
831334
831343
831345
831351
831354
831355
831357
831367
831370
831372
831376
831378
831380
831387
831391
831394
831395
831396
831397
831398
831406
831415
831425
831428
831438
831445
831449
831459
831463
831464
831470
831472
831480
831490
831491
831503
831504
831510
831511
831513
831518
831527
831529
831546
831555
831562
831564
831565
831566
831568
831583
831588
831593
831598
831601
831603
831608
831611
831614
831619
831626
831627
831633
831640
831641
831655
831657
831662
831663
831672
831675
831677
831686
831689
831691
831693
831696
831698
831702
831708
831710
831711
831714
831718
831719
831724
831726
831727
831730
831732
831737
831740
831742
831743
831752
831753
831755
831758
831767
831768
831770
831787
831789
831804
831810
831815
831817
831827
831829
831832
831844
831846
831850
831852
831855
831860
831866
831878
831882
831885
831890
831892
831898
831900
831906
831916
831922
831928
831929
831934
831937
831940
831943
831957
831961
831978
831981
831991
831999
832002
832003
832004
832007
832013
832014
832017
832021
832023
832026
832027
832028
832041
832047
832049
832054
832056
832060
832061
832063
832069
832071
832075
832077
832081
832086
832089
832094
832095
832105
832110
832111
832114
832120
832126
832132
832133
832135
832136
832139
832141
832145
832149
832151
832171
832172
832174
832175
832178
832181
832185
832189
832196
832208
832213
832214
832219
832223
832225
832230
832238
832246
832255
832265
832266
832267
832276
832278
832280
832281
832283
832289
832292
832298
832305
832309
832310
832315
832317
832326
832327
832329
832334
832337
832341
832344
832347
832354
832357
832372
832373
832377
832379
832389
832390
832394
832395
832397
832398
832399
832407
832412
832419
832421
832432
832436
832439
832445
832449
832455
832456
832458
832459
832463
832465
832467
832469
832470
832471
832480
832484
832495
832496
832499
832502
832505
832506
832510
832522
832524
832528
832532
832537
832545
832546
832567
832568
832571
832574
832579
832581
832586
832595
832597
832602
832605
832606
832620
832629
832634
832635
832638
832641
832644
832645
832646
832651
832652
832653
832655
832657
832661
832662
832665
832667
832670
832674
832684
832693
832694
832695
832698
832699
832705
832707
832709
832710
832714
832715
832722
832724
832727
832730
832735
832737
832740
832754
832773
832780
832781
832783
832786
832790
832792
832800
832802
832814
832816
832834
832839
832848
832850
832852
832861
832862
832876
832881
832885
832894
832896
832898
832902
832910
832912
832915
832916
832918
832920
832924
832927
832929
832942
832950
832956
832958
832963
832964
832966
832968
832970
832971
832973
832978
832989
832992
832996
832997
833000
833004
833006
833011
833014
833016
833024
833029
833030
833035
833036
833037
833041
833043
833044
833047
833055
833069
833075
833082
833098
833105
833106
833120
833124
833132
833137
833146
833151
833153
833158
833162
833170
833171
833175
833176
833179
833181
833183
833186
833189
833197
833205
833214
833217
833221
833226
833227
833233
833238
833239
833248
833255
833263
833266
833269
833284
833290
833300
833305
833306
833308
833310
833319
833332
833339
833340
833341
833346
833349
833351
833365
833374
833385
833386
833387
833393
833394
833402
833410
833414
833420
833423
833427
833429
833430
833434
833440
833442
833444
833454
833457
833458
833462
833464
833468
833476
833477
833478
833482
833484
833491
833493
833496
833497
833499
833503
833509
833523
833524
833526
833532
833533
833534
833538
833547
833552
833559
833573
833575
833576
833580
833585
833586
833590
833608
833619
833623
833624
833628
833629
833631
833637
833653
833654
833663
833664
833665
833675
833678
833682
833689
833694
833703
833707
833711
833723
833727
833737
833741
833748
833751
833755
833764
833770
833781
833784
833786
833804
833809
833819
833822
833827
833832
833833
833835
833836
833839
833840
833842
833849
833855
833864
833873
833874
833877
833881
833896
833907
833914
833921
833925
833934
833936
833943
833960
833966
833972
833977
833979
833980
833984
833988
833994
833997
834003
834010
834014
834016
834019
834021
834033
834037
834043
834044
834045
834062
834063
834065
834067
834069
834072
834080
834081
834082
834084
834094
834102
834105
834117
834118
834122
834132
834134
834151
834155
834156
834157
834162
834171
834179
834182
834189
834195
834202
834209
834217
834218
834219
834223
834237
834255
834260
834261
834290
834295
834296
834298
834306
834315
834316
834322
834327
834335
834342
834344
834345
834346
834347
834365
834373
834376
834385
834387
834388
834399
834401
834402
834406
834407
834408
834410
834414
834415
834418
834425
834428
834429
834440
834442
834443
834465
834468
834469
834470
834475
834476
834489
834498
834500
834517
834528
834534
834538
834540
834542
834543
834547
834548
834549
834553
834559
834572
834584
834588
834594
834599
834611
834616
834617
834618
834623
834626
834630
834639
834641
834643
834648
834661
834678
834679
834682
834683
834687
834690
834693
834702
834703
834707
834713
834715
834718
834720
834728
834729
834732
834738
834740
834741
834762
834765
834767
834777
834785
834791
834793
834794
834795
834802
834803
834815
834824
834845
834846
834849
834882
834888
834892
834898
834902
834911
834916
834919
834927
834928
834938
834952
834982
834983
834990
835002
835003
835015
835017
835019
835020
835027
835031
835033
835035
835037
835051
835068
835070
835074
835077
835084
835086
835093
835106
835120
835126
835133
835136
835141
835147
835152
835161
835174
835179
835181
835184
835185
835192
835193
835196
835207
835208
835217
835218
835222
835227
835236
835237
835244
835256
835257
835262
835281
835283
835291
835298
835300
835302
835304
835305
835306
835314
835334
835342
835347
835354
835359
835363
835368
835381
835384
835387
835391
835395
835401
835409
835412
835414
835415
835421
835425
835431
835438
835450
835452
835454
835457
835462
835474
835476
835490
835491
835508
835512
835521
835532
835538
835539
835540
835542
835544
835545
835567
835574
835579
835587
835590
835599
835600
835605
835632
835634
835640
835654
835666
835667
835679
835680
835681
835688
835690
835692
835697
835698
835705
835721
835723
835727
835729
835735
835779
835784
835785
835787
835788
835795
835798
835801
835811
835818
835827
835839
835847
835849
835850
835857
835859
835860
835875
835881
835888
835927
835940
835947
835948
835963
835968
835974
835977
835979
835983
835985
835987
835990
835995
836001
836008
836011
836012
836014
836021
836024
836027
836032
836033
836036
836047
836052
836058
836077
836078
836081
836090
836106
836108
836109
836113
836127
836132
836134
836148
836149
836153
836155
836163
836172
836181
836190
836208
836213
836227
836228
836232
836239
836248
836260
836261
836263
836266
836275
836277
836278
836281
836297
836302
836330
836346
836348
836361
836366
836391
836392
836395
836399
836410
836419
836426
836433
836452
836455
836460
836464
836466
836473
836479
836490
836491
836504
836509
836521
836529
836531
836534
836552
836577
836584
836589
836590
836597
836610
836619
836624
836625
836641
836645
836650
836651
836653
836665
836674
836688
836689
836692
836694
836703
836709
836711
836717
836720
836734
836741
836742
836763
836767
836769
836777
836792
836800
836805
836807
836809
836810
836816
836823
836825
836826
836834
836847
836853
836859
836866
836867
836870
836871
836874
836885
836888
836892
836903
836909
836910
836911
836915
836918
836930
836941
836942
836949
836957
836961
836964
837003
837006
837009
837011
837012
837014
837018
837022
837023
837044
837053
837069
837072
837078
837083
837090
837092
837108
837118
837138
837153
837169
837181
837191
837193
837200
837212
837217
837221
837228
837242
837254
837269
837273
837276
837299
837302
837324
837326
837331
837333
837334
837341
837344
837345
837368
837372
837375
837392
837396
837402
837403
837422
837429
837443
837447
837455
837459
837472
837485
837492
837500
837506
837510
837511
837512
837521
837524
837526
837544
837555
837567
837578
837592
837593
837601
837611
837638
837646
837663
837666
837694
837699
837724
837729
837736
837740
837742
837761
837762
837770
837784
837795
837796
837801
837814
837821
837833
837835
837840
837851
837852
837855
837856
837857
837879
837891
837893
837894
837899
837907
837919
837920
837934
837935
837939
837940
837941
837950
837953
837955
837961
837962
837979
837982
837986
837995
837998
838033
838051
838053
838058
838092
838115
838122
838141
838146
838162
838163
838168
838171
838172
838176
838246
838257
838260
838282
838288
838293
838334
838338
838349
838357
838362
838364
838379
838381
838394
838399
838402
838404
838406
838409
838410
838413
838414
838428
838443
838460
838463
838464
838476
838483
838484
838504
838526
838531
838533
838535
838536
838537
838547
838549
838561
838566
838570
838571
838593
838596
838606
838607
838613
838618
838624
838641
838651
838659
838661
838663
838665
838685
838687
838694
838704
838705
838708
838712
838736
838740
838753
838758
838781
838798
838804
838810
838823
838825
838843
838849
838856
838858
838877
838883
838908
838909
838911
838924
838927
838934
838941
838943
838944
838958
838963
838971
838978
838980
838981
838982
838988
838989
838994
838997
839009
839010
839020
839024
839030
839032
839035
839038
839056
839068
839085
839086
839093
839099
839110
839120
839121
839123
839133
839142
839143
839164
839167
839181
839182
839194
839202
839204
839211
839213
839224
839229
839242
839246
839254
839264
839275
839276
839281
839284
839295
839296
839299
839302
839306
839310
839327
839335
839344
839373
839376
839391
839405
839408
839432
839438
839452
839459
839463
839482
839483
839493
839501
839502
839505
839515
839520
839535
839540
839573
839574
839584
839597
839600
839622
839640
839655
839664
839666
839680
839682
839683
839718
839724
839729
839750
839765
839768
839774
839777
839790
839792
839798
839799
839805
839806
839808
839813
839820
839821
839826
839833
839874
839884
839885
839898
839907
839909
839911
839926
839930
839938
839939
839942
839951
839955
839977
839984
839994
870016
870023
870024
870037
870040
870043
870046
870080
870111
870120
870139
870140
870141
870144
870145
870156
870162
870164
870168
870170
870171
870188
870213
870227
870229
870241
870243
870259
870260
870264
870270
870285
870299
870301
870336
870345
870381
870382
870404
870409
870419
870431
870436
870438
870455
870479
870485
870487
870488
870493
870508
870509
870512
870517
870530
870531
870536
870550
870558
870566
870583
870592
870608
870614
870625
870631
870632
870643
870669
870685
870689
870702
870706
870711
870725
870777
870790
870803
870805
870821
870834
870840
870843
870844
870847
870849
870851
870866
870872
870881
870889
870890
870892
870906
870908
870928
870938
870958
870965
870968
870970
870974
870984
870992
871002
871019
871022
871053
871056
871069
871081
871082
871084
871091
871114
871122
871126
871129
871149
871163
871167
871169
871172
871177
871181
871186
871188
871195
871198
871201
871215
871223
871231
871248
871255
871258
871285
871298
871313
871329
871330
871336
871342
871354
871373
871376
871412
871417
871424
871429
871447
871462
871481
871495
871540
871541
871542
871546
871547
871553
871556
871561
871565
871575
871588
871621
871624
871633
871636
871642
871644
871655
871656
871660
871671
871691
871696
871699
871703
871705
871710
871713
871717
871728
871741
871753
871756
871798
871814
871818
871823
871833
871856
871857
871860
871874
871923
871927
871934
871942
871948
871954
871970
871971
871973
871976
871980
871996
871999
872044
872049
872061
872067
872093
872094
872099
872102
872123
872149
872164
872165
872166
872170
872178
872186
872190
872199
872211
872217
872230
872235
872238
872242
872244
872249
872250
872256
872284
872313
872324
872325
872328
872333
872351
872369
872374
872376
872386
872392
872401
872405
872417
872430
872440
872446
872461
872504
872505
872507
872515
872516
872518
872538
872541
872568
872570
872583
872595
872598
872628
872630
872652
872665
872668
872677
872685
872720
872731
872748
872757
872759
872775
872776
872795
872799
872807
872808
872816
872825
872827
872862
872868
872869
872871
872882
872925
872946
872967
872969
872986
872987
873008
873017
873030
873033
873039
873041
873043
873053
873063
873083
873086
873087
873089
873100
873101
873108
873110
873130
873151
873187
873199
873241
873246
873286
873331
873336
873339
873355
873359
873362
873375
873393
873425
#三板做市成分股
430021
430037
430051
430054
430062
430074
430075
430097
430139
430140
430174
430211
430222
430236
430238
430318
430330
430335
430353
430356
430358
430375
430377
430382
430385
430394
430408
430485
430493
430496
430499
430556
430558
430578
430582
430595
430623
430630
430675
430676
430733
430755
830771
830806
830809
830810
830813
830818
830821
830833
830837
830843
830855
830899
830902
830921
830933
830936
830938
830944
830945
830958
830966
830978
830988
830990
830999
831015
831019
831029
831039
831049
831068
831114
831118
831129
831177
831193
831242
831248
831253
831265
831287
831299
831305
831311
831345
831354
831378
831503
831513
831527
831529
831546
831562
831564
831568
831583
831601
831631
831662
831698
831710
831711
831723
831726
831730
831737
831844
831852
831878
831890
831900
831928
832007
832026
832028
832047
832060
832077
832120
832135
832139
832149
832151
832175
832189
832280
832327
832379
832390
832397
832399
832449
832471
832499
832522
832532
832571
832579
832586
832645
832710
832735
832781
832786
832854
832876
832898
832971
832989
832996
833004
833014
833029
833069
833132
833146
833183
833186
833205
833290
833339
833442
833575
833586
833665
833694
833770
833832
833960
833984
834082
834084
834117
834344
834410
834528
834534
834553
834611
834626
834693
834729
834732
834793
834996
835033
835136
835291
835381
835539
835681
835692
836052
836081
836346
836466
836689
836694
836800
836859
836964
837212
837422
837472
837485
837920
838053
838334
838641
838810
839056
839264
839483
839655
839951
870040
870171
870381
872166
872351
873087
#三板创新成指
430005
430014
430021
430034
430037
430046
430047
430051
430054
430062
430074
430075
430090
430097
430109
430127
430139
430140
430161
430173
430174
430193
430208
430211
430217
430220
430222
430223
430225
430236
430238
430267
430276
430277
430290
430300
430318
430330
430335
430338
430347
430356
430369
430374
430375
430376
430377
430382
430385
430394
430405
430408
430432
430459
430476
430485
430488
430493
430510
430515
430539
430552
430555
430556
430578
430582
430588
430595
430607
430659
430675
430682
430685
430753
430755
830782
830809
830813
830815
830818
830830
830832
830833
830837
830839
830849
830851
830879
830885
830894
830899
830904
830920
830921
830933
830938
830966
830970
830974
830978
830988
830993
831019
831034
831039
831049
831053
831057
831063
831067
831074
831092
831099
831108
831114
831118
831129
831142
831150
831159
831173
831177
831186
831187
831193
831200
831207
831235
831242
831253
831265
831287
831299
831305
831311
831319
831345
831367
831378
831397
831415
831463
831510
831511
831513
831518
831527
831546
831562
831564
831566
831583
831601
831603
831614
831621
831672
831689
831710
831711
831726
831768
831815
831827
831832
831844
831855
831856
831866
831873
831878
831885
831906
831929
831934
831943
831981
831999
832007
832026
832028
832041
832047
832060
832063
832077
832110
832113
832114
832120
832126
832132
832133
832139
832145
832149
832171
832175
832178
832196
832214
832225
832230
832236
832265
832267
832276
832280
832283
832305
832327
832347
832357
832390
832397
832399
832419
832432
832449
832482
832491
832510
832522
832532
832545
832566
832567
832571
832586
832602
832606
832620
832645
832646
832655
832694
832705
832707
832715
832727
832735
832737
832749
832780
832786
832792
832800
832802
832859
832861
832885
832898
832915
832924
832929
832942
832950
832958
832968
832971
832982
832996
833004
833024
833030
833047
833120
833132
833137
833153
833162
833171
833179
833183
833186
833197
833205
833239
833255
833284
833302
833310
833332
833339
833346
833365
833374
833402
833414
833423
833427
833429
833442
833482
833493
833503
833509
833523
833532
833559
833629
833654
833682
833694
833741
833755
833757
833770
833827
833833
833835
833840
833873
833881
833896
833914
833936
833966
834019
834045
834063
834067
834081
834082
834105
834122
834134
834179
834182
834195
834209
834218
834261
834316
834327
834342
834373
834385
834408
834410
834414
834418
834425
834468
834470
834476
834478
834489
834528
834534
834549
834611
834616
834617
834618
834661
834678
834683
834703
834713
834720
834729
834762
834765
834793
834802
834845
834857
834888
834898
834902
834982
835020
835033
835037
835068
835092
835093
835147
835174
835179
835227
835281
835291
835298
835300
835305
835354
835359
835363
835387
835401
835425
835483
835539
835572
835599
835605
835654
835670
835681
835692
835849
835852
835948
835985
835990
835995
836012
836030
836052
836077
836081
836106
836108
836127
836148
836163
836190
836208
836213
836239
836261
836277
836346
836366
836392
836399
836419
836455
836460
836464
836589
836610
836645
836650
836665
836675
836689
836694
836734
836769
836792
836800
836809
836810
836826
836859
836870
836885
836892
836930
836957
837023
837062
837090
837212
837334
837344
837372
837375
837422
837472
837510
837567
837592
837638
837747
837770
837821
837840
837891
837899
837919
837935
837940
838030
838162
838168
838171
838172
838275
838334
838381
838406
838410
838504
838526
838564
838606
838641
838665
838694
838795
838804
838849
838858
838924
838982
839009
839010
839030
839056
839086
839133
839164
839181
839182
839204
839211
839229
839242
839459
839463
839483
839551
839584
839655
839680
839683
839711
839719
839737
839790
839792
839821
839874
839884
839946
839951
870040
870270
870307
870381
870382
870436
870447
870536
870643
870866
870984
870992
871082
871091
871177
871195
871298
871341
871396
871481
871540
871553
871633
871642
871691
871874
871923
871970
871976
871999
872049
872093
872149
872186
872190
872200
872230
872249
872351
872392
872595
872665
872757
872759
872808
873083
873100
873101
873331
873359
873425
#三板龙头
430223
430318
430335
430463
430761
830881
830993
831029
831131
831873
831891
833371
833503
833517
833737
834179
834335
834414
834429
834489
834616
834718
834793
834892
834896
835092
835138
835222
835281
835483
835776
836208
836361
836930
838687
839121
839201
839264
839955
839977
870046
870517
870643
870890
870984
871658
871710
872062
872327
872987
873331
#三板制造
430038
430074
430075
430140
430234
430276
430328
430353
430391
430461
430476
430479
430491
430545
430549
430552
430556
430675
430685
430755
830809
830815
830840
830879
830931
830933
831085
831175
831251
831255
831274
831284
831394
831425
831793
831969
832283
832423
832432
832447
832491
832502
832602
832694
832735
832770
832876
832885
832992
833047
833124
833221
833331
833477
833504
833559
833665
833682
833727
833768
833839
833972
834298
834520
834554
834713
834839
834948
835004
835093
835108
835421
835572
836466
836888
837169
837181
837344
837506
837573
837611
837638
837920
838168
838790
839226
839341
839732
870301
870319
870348
870433
870447
870790
870869
870976
871053
872081
872320
873337
#三板服务
430021
430046
430051
430052
430062
430066
430073
430076
430080
430086
430127
430152
430161
430169
430191
430208
430229
430238
430267
430325
430330
430362
430368
430437
430457
430467
430494
430495
430500
430511
430601
430653
430664
430671
430695
830892
830972
831021
831049
831068
831071
831101
831129
831185
831198
831206
831225
831287
831317
831409
831428
831546
831601
831608
831815
831829
831937
831938
832028
832041
832046
832086
832114
832135
832171
832296
832492
832715
832722
832773
832781
832828
832950
832966
833029
833030
833050
833175
833181
833277
833339
833457
833534
833574
833619
833629
833694
833711
833849
833937
834045
834046
834048
834063
834156
834195
834218
834255
834322
834342
834376
834385
834399
834534
834546
834560
834596
834785
834791
834873
834878
834911
835013
835084
835152
835191
835287
835305
835381
835539
835670
835705
836014
836036
836261
836277
836333
836391
836399
836426
836592
836803
836840
836858
836870
836885
836949
837011
837014
837069
837259
837526
837579
837592
837606
837619
837709
837762
837766
837907
837929
837979
838395
838413
838470
838587
838758
838895
838934
838966
839009
839036
839038
839047
839086
839194
839333
839483
839493
839497
839507
839680
839885
839951
870005
870111
870167
870221
870650
870716
870840
870902
870938
871035
871084
871142
871155
871414
872102
872161
872230
872340
872438
872501
872511
872516
872953
872997
873180
873373
#三板医药
430017
430047
430175
430222
430353
830931
831186
831187
831193
831265
831271
831425
831793
832077
832126
832276
832566
832586
832735
832834
832982
832996
833211
833464
833833
834017
834239
834298
834367
834839
834915
835033
835037
835093
835269
835572
835852
836342
837344
838641
839732
870447
870625
871129
871194
871392
871897
872320
872799
872952
#三板消费
430223
430370
430461
430508
430566
430578
430666
430733
830778
830828
830837
830896
830923
830929
830944
831118
831150
831178
831195
831204
831237
831243
831247
831253
831278
831292
831336
831491
831568
831603
831641
831726
831767
831891
831898
831932
832000
832023
832050
832119
832139
832181
832270
832305
832432
832484
832506
832730
832737
832786
832898
832903
832978
833016
833146
833260
833302
833429
833442
833462
833503
833533
833585
833632
833663
833675
833707
833737
833784
833865
833877
833936
834044
834081
834101
834260
834424
834425
834462
834558
834617
834630
834653
834729
834765
834793
834794
834795
834886
834902
834956
834971
835003
835104
835208
835212
835491
835735
835910
835939
835948
835979
836155
836227
836247
836374
836531
836823
836826
836864
836941
837009
837023
837070
837151
837215
837233
837472
837582
837647
837674
837742
837885
837931
838158
838171
838200
838236
838262
838288
838381
838443
838504
838549
838561
838649
838798
838807
838812
838858
838907
839024
839030
839133
839206
839224
839241
839295
839387
839438
839463
839798
839808
839830
839884
870001
870008
870120
870122
870156
870178
870284
870292
870294
870618
870774
870781
870814
870968
871008
871075
871167
871336
871565
871624
871740
871748
871860
871954
871992
872037
872093
872258
872304
872395
872420
872475
872560
872706
872738
872757
872841
872983
872987
873076
873125
873177
873299
873339
873368
#三板研发
430005
430021
430046
430051
430052
430127
430139
430208
430223
430330
430376
430675
430755
830771
830806
830815
830849
830881
830931
830933
830972
830974
830978
831063
831265
831284
831550
831608
831710
831888
832135
832149
832196
832292
832327
832397
832398
832432
832715
832722
832924
832950
833030
833175
833221
833444
833526
833547
833645
833694
833711
833719
833839
833972
834156
834195
834261
834295
834298
834385
834520
834607
834678
834703
834785
834793
834873
835572
835930
835963
835985
836239
836333
837011
837014
837069
837567
837748
837920
838463
838758
838966
839483
839821
839951
870447
870650
870702
870790
870840
871282
871392
871658
871828
871860
871976
872122
872190
872516
872801
#三板活跃
430005
430017
430074
430139
430198
430335
430394
830806
830852
830946
830978
831049
831063
831173
831200
831265
831287
831566
832047
832063
832149
832397
832586
832645
832715
832800
832898
832924
832950
832996
833414
833575
833694
834082
834599
834793
835305
835368
835640
836239
837344
837567
838641
839483
839951
839955
870702
870984
872665
872808
