1,113591,603687,14.730,0.500,55000.0000,10.31,19.15,20210108,116.0000,20260701,,55000.000000,20200723
0,128116,002961,29.820,0.400,65000.0000,20.87,38.77,20210104,110.0000,20260629,,65000.000000,20200724
0,123056,300511,11.890,0.400,58500.0000,8.32,14.27,20210104,115.0000,20260624,,58500.000000,20200724
0,123057,300586,9.910,0.400,20674.0000,6.94,12.88,20210107,112.0000,20260701,,20674.000000,20200727
1,113590,603187,36.390,0.400,50012.7000,25.47,47.31,20210104,110.0000,20260629,,50012.700000,20200727
1,110071,600929,6.600,0.300,72000.0000,4.62,8.58,20210118,110.0000,20260710,,72000.000000,20200731
1,113592,603345,115.900,0.300,90000.0000,81.13,150.67,20210114,108.0000,20260708,,90000.000000,20200731
0,128117,002838,29.070,0.400,36000.0000,20.35,37.79,20210108,118.0000,20260702,,36000.000000,20200720
0,128118,002861,27.530,0.400,30000.0000,19.27,35.79,20210108,115.0000,20260702,,30000.000000,20200805
1,113036,601789,4.860,0.400,54000.0000,3.40,6.32,20210111,110.0000,20260706,,54000.000000,20200806
0,128121,002930,20.250,0.400,67000.0000,14.18,26.33,20210125,108.0000,20260717,,67000.000000,20200807
0,128119,002726,9.560,0.300,95000.0000,6.69,12.43,20210118,115.0000,20260713,,95000.000000,20200807
0,123058,300207,21.240,0.400,112000.0000,14.87,27.61,20210120,111.0000,20260714,,112000.000000,20200807
0,127019,000688,21.070,0.300,85000.0000,14.75,27.39,20210121,110.0000,20260715,,85000.000000,20200810
1,113593,603131,21.320,0.400,40000.0000,14.92,27.72,20210125,115.0000,20260720,,40000.000000,20200810
0,123059,300231,9.910,0.400,39140.0000,6.94,12.88,20210121,118.0000,20260715,,39140.000000,20200812
0,127020,000060,4.710,0.200,380000.0000,3.30,6.12,20210125,110.0000,20260720,,380000.000000,20200814
0,123062,300554,17.170,0.500,19500.0000,12.02,22.32,20210201,113.0000,20260727,,19500.000000,20200817
0,128122,002436,14.180,0.300,26890.0000,8.51,18.43,20210129,110.0000,20250723,,26890.000000,20200817
0,128120,002921,24.370,0.500,26000.0000,17.06,31.68,20210125,112.0000,20260717,,26000.000000,20200817
0,123060,300416,23.860,0.400,31000.0000,16.70,31.02,20210127,112.0000,20260721,,31000.000000,20200817
1,113037,601860,4.750,0.200,450000.0000,,6.18,20210129,110.0000,20260723,,450000.000000,20200817
0,123061,300424,14.860,0.500,25000.0000,10.40,19.32,20210128,118.0000,20260722,,25000.000000,20200818
1,113595,603007,6.940,0.500,33000.0000,4.86,9.02,20210127,116.0000,20260721,,33000.000000,20200818
0,128123,002749,13.700,0.500,32000.0000,9.59,17.81,20210201,110.0000,20260727,,32000.000000,20200819
0,128124,002022,21.500,0.300,73800.0000,15.05,27.95,20210203,106.0000,20260728,,73800.000000,20200820
0,123063,300021,4.940,0.400,63800.0000,3.46,6.42,20210203,120.0000,20260728,,63800.000000,20200820
1,113596,603887,29.210,0.400,120000.0000,20.45,37.97,20210204,108.0000,20260728,,120000.000000,20200820
1,110073,600061,15.250,0.200,800000.0000,,19.83,20210201,107.0000,20260724,,800000.000000,20200820
0,128125,002949,25.790,0.400,45000.0000,18.05,33.53,20210205,113.0000,20260730,,45000.000000,20200821
1,113597,603912,23.400,0.500,30000.0000,16.38,30.42,20210205,118.0000,20260730,,30000.000000,20200821
1,113598,603966,13.880,0.400,33000.0000,9.72,18.04,20210208,115.0000,20260731,,33000.000000,20200825
1,113594,603516,39.370,0.500,30000.0000,27.56,51.18,20210127,115.0000,20260721,,30000.000000,20200828
0,127021,000070,12.330,0.300,55000.0000,8.63,16.03,20210213,110.0000,20250807,,55000.000000,20200904
1,113599,603871,24.820,0.400,72000.0000,17.37,32.27,20210218,120.0000,20260805,,72000.000000,20200907
0,128126,002460,60.270,0.300,210800.0000,42.19,78.35,20210218,107.0000,20260806,,210800.000000,20200908
1,113038,601012,52.770,0.300,500000.0000,36.94,68.60,20210208,107.0000,20260731,,500000.000000,20200908
0,128127,002775,5.760,0.500,95000.0000,4.03,7.49,20210301,115.0000,20260820,,95000.000000,20200911
1,113600,603978,23.850,0.400,59500.0000,16.70,31.01,20210219,120.0000,20260813,,59500.000000,20200911
1,113601,603716,16.980,0.500,54331.0000,11.89,22.07,20210301,115.0000,20260821,,54331.000000,20200915
0,128115,002444,12.280,0.400,97260.0000,8.60,15.96,20210104,110.0000,20260624,,97260.000000,20200716
1,113589,603608,12.440,0.400,60000.0000,8.71,16.17,20210104,110.0000,20260624,,60000.000000,20200716
0,128113,002832,14.900,0.400,68900.0000,10.43,19.37,20201221,112.0000,20260615,,68900.000000,20200715
0,128114,002157,16.090,0.400,160000.0000,11.26,20.92,20201223,110.0000,20260617,,160000.000000,20200715
1,113587,603039,64.330,0.500,31600.0000,45.03,83.63,20201221,118.0000,20260615,,31600.000000,20200714
0,123055,300138,12.250,0.500,63000.0000,8.58,15.93,20201223,118.0000,20260617,,63000.000000,20200713
1,113588,603108,13.360,0.300,55000.0000,9.35,17.37,20201223,109.0000,20260617,,55000.000000,20200713
0,128112,002241,23.270,0.200,400000.0000,16.29,30.25,20201218,110.0000,20260612,,400000.000000,20200713
0,128110,002756,17.060,0.300,70000.0000,11.94,22.18,20201215,108.0000,20260609,,70000.000000,20200708
1,113586,603185,33.300,0.500,66500.0000,23.31,43.29,20201215,115.0000,20260609,,66500.000000,20200707
1,113585,603896,28.680,0.500,36000.0000,20.08,37.28,20201215,112.0000,20260609,,36000.000000,20200707
0,128111,002738,15.530,0.500,80000.0000,10.87,20.19,20201217,118.0000,20260611,,80000.000000,20200707
0,123054,300608,16.490,0.500,27100.0000,11.54,21.44,20201216,115.0000,20260610,,27100.000000,20200706
0,123052,300665,9.900,0.500,17700.0000,6.93,12.87,20201211,120.0000,20260605,,17700.000000,20200703
0,123053,300031,20.800,0.500,50000.0000,14.56,27.04,20201211,115.0000,20260605,,50000.000000,20200701
0,123051,300532,8.800,0.500,28000.0000,6.16,11.44,20201210,116.0000,20260604,,28000.000000,20200630
1,113584,603708,37.970,0.400,64500.0000,26.58,49.36,20201214,110.0000,20260605,,64500.000000,20200624
0,128109,002171,8.730,0.400,183000.0000,6.11,11.35,20201210,110.0000,20260604,,183000.000000,20200623
1,113582,603678,25.330,0.400,60000.0000,17.73,32.93,20201202,110.0000,20260527,,60000.000000,20200623
1,113583,603939,71.820,0.400,158101.0000,50.27,93.37,20201207,110.0000,20260601,,158101.000000,20200622
0,128108,002382,17.790,0.400,314404.0000,12.45,23.13,20201203,108.0000,20260528,,314404.000000,20200619
1,113035,601865,13.560,0.400,145000.0000,9.49,17.63,20201203,115.0000,20260527,,145000.000000,20200617
0,128107,002061,5.360,0.400,250000.0000,3.75,6.97,20201028,110.0000,20260422,128107,250000.000000,20200522
1,113579,603707,42.050,0.300,50319.0000,29.44,54.67,20201029,109.0000,20260423,191579,50319.000000,20200522
1,113573,603602,18.810,0.500,27000.0000,13.17,24.45,20201023,118.0000,20260417,191573,27000.000000,20200522
1,113580,603665,15.510,0.400,20000.0000,10.86,20.16,20201029,115.0000,20260423,191580,20000.000000,20200520
1,113578,603030,5.430,0.400,38400.0000,3.80,7.06,20201026,113.0000,20260420,191578,38400.000000,20200519
1,113581,603906,9.480,0.500,40000.0000,6.64,12.32,20201029,120.0000,20260423,191581,40000.000000,20200519
0,123050,300303,5.180,0.400,70469.0000,3.63,6.73,20201020,118.0000,20260414,123050,70448.170000,20200515
1,113577,603890,11.060,0.500,24000.0000,7.74,14.38,20201020,112.0000,20260414,191577,23285.310000,20200513
1,110070,600231,2.750,0.400,44000.0000,1.93,3.58,20201019,112.0000,20260413,190070,43997.600000,20200513
0,128105,002616,8.110,0.400,80000.0000,5.68,10.54,20201015,110.0000,20260409,128105,79997.470000,20200513
0,123049,300190,7.480,0.500,91724.0000,5.24,9.72,20201019,118.0000,20260413,123049,91707.600000,20200512
0,123048,300527,8.900,0.300,81893.0000,6.23,11.57,20201016,108.0000,20260410,123048,41644.110000,20200511
0,128106,002840,9.390,0.300,55000.0000,6.57,12.21,20201016,108.0000,20260410,128106,54996.350000,20200508
1,110069,600323,20.200,0.200,99232.0000,14.14,26.26,20201013,110.0000,20260407,190069,98359.210000,20200507
1,113576,603557,10.550,0.500,52000.0000,7.39,13.72,20201016,115.0000,20260410,191576,36506.840000,20200507
1,113575,603377,14.560,0.400,42800.0000,10.19,18.93,20201015,108.0000,20260409,191575,25080.680000,20200430
1,113034,601678,4.680,0.300,240000.0000,3.28,6.08,20201016,110.0000,20260410,191034,239973.510000,20200430
0,128104,002831,23.240,0.400,140000.0000,16.27,30.21,20201013,,20260407,128104,137129.960000,20200428
1,113574,603679,33.990,0.500,20880.0000,23.79,44.19,20201009,110.0000,20260331,191574,20879.900000,20200427
1,113033,601366,7.010,0.400,180000.0000,4.91,9.11,20201009,110.0000,20260401,191033,179993.600000,20200421
0,128103,002360,5.180,0.500,14428.0000,3.63,6.73,20201009,115.0000,20260326,128103,14418.290000,20200421
0,123046,300587,10.120,0.500,39900.0000,7.08,13.16,20200925,112.0000,20260319,123046,15473.760000,20200417
0,123047,300631,17.610,0.500,25400.0000,12.33,22.89,20200928,121.0000,20260320,123047,24663.960000,20200417
0,128102,002311,34.740,0.200,283000.0000,24.32,41.69,20200925,110.0000,20260319,128102,188139.120000,20200416
1,110068,600388,10.730,0.200,200000.0000,7.51,13.95,20200930,110.0000,20260324,190068,199993.100000,20200415
0,123044,300427,18.800,0.500,58500.0000,13.16,24.44,20200918,118.0000,20260312,123044,55000.870000,20200413
0,123045,300652,20.130,0.500,28850.0000,14.09,26.17,20200918,113.0000,20260312,123045,17108.080000,20200413
0,128101,002036,14.480,0.300,30000.0000,10.14,18.82,20200921,,20260316,128101,29996.340000,20200413
0,128099,002641,6.160,0.300,70000.0000,4.31,8.01,20200917,108.0000,20260311,128099,58307.190000,20200410
1,113572,603663,14.190,0.400,20500.0000,9.93,18.45,20200918,108.0000,20260312,191572,16982.090000,20200409
1,110067,600909,8.670,0.200,280000.0000,,11.27,20200918,107.0000,20260312,190067,279962.720000,20200409
0,128100,002503,2.900,0.400,80000.0000,2.03,3.77,20200918,112.0000,20260312,128100,79991.830000,20200409
1,113569,603660,14.840,0.400,51600.0000,10.39,19.29,20200914,115.0000,20260309,191569,51590.800000,20200408
1,113570,603331,11.540,0.400,28000.0000,8.08,15.00,20200917,110.0000,20260311,191570,27998.300000,20200408
1,113567,603617,11.460,0.500,21000.0000,8.02,14.90,20200910,113.0000,20260304,191567,20995.800000,20200403
1,113568,603667,8.910,0.500,33000.0000,6.24,11.58,20200914,118.0000,20260306,191568,32994.300000,20200402
1,113571,603916,18.880,0.500,69680.0000,13.22,24.54,20200918,115.0000,20260312,191571,35076.750000,20200401
1,113566,603499,10.770,0.500,20000.0000,7.54,12.92,20200907,118.0000,20260228,191566,16145.320000,20200331
1,110066,600711,4.880,0.400,238646.0000,3.42,6.34,20200907,110.0000,20260302,190066,235498.170000,20200331
0,128098,002773,35.300,0.400,163000.0000,24.71,44.13,20200911,111.0000,20201123,128098,90601.560000,20200331
0,123043,300645,15.410,0.500,17500.0000,10.79,20.03,20200911,115.0000,20260305,123043,16609.230000,20200331
1,113032,601233,14.350,0.300,230000.0000,10.05,18.66,20200907,108.0000,20260302,191032,229980.420000,20200320
0,128097,002614,10.690,0.400,120000.0000,7.48,13.90,20200902,110.0000,20260225,128097,60166.700000,20200318
0,128096,002701,4.520,0.500,108680.0000,3.16,5.88,20200817,110.0000,20260211,128096,92577.540000,20200316
1,113564,603136,23.800,0.500,30000.0000,16.66,30.94,20200907,120.0000,20260228,191564,29961.900000,20200316
1,113565,603336,10.000,0.400,33200.0000,7.00,13.00,20200903,112.0000,20260226,191565,30903.700000,20200316
0,128095,002812,65.090,0.400,160000.0000,45.56,84.62,20200817,110.0000,20260211,128095,134550.990000,20200228
1,113563,603368,24.470,0.300,80220.0000,17.13,31.81,20200722,108.0000,20260116,191563,80202.850000,20200224
0,128094,002860,13.950,0.500,28000.0000,9.77,18.14,20200722,115.0000,20260116,128094,27971.010000,20200219
0,123042,300619,24.400,0.500,16666.0000,17.08,31.72,20200720,110.0000,20260114,123042,16662.950000,20200214
1,113561,603089,10.230,0.500,29000.0000,7.16,13.30,20200707,112.0000,20251231,191561,15886.920000,20200210
1,113562,603659,82.730,0.300,87000.0000,57.91,107.55,20200708,110.0000,20250102,191562,75992.340000,20200204
0,123039,300577,33.220,0.500,22300.0000,23.25,43.19,20200702,115.0000,20251226,123039,22188.030000,20200123
0,123038,300545,25.290,0.500,20000.0000,17.70,32.88,20200701,113.0000,20251225,123038,14754.480000,20200122
1,113030,601515,6.750,0.400,29533.0000,4.73,8.78,20200630,112.0000,20251224,191030,29529.000000,20200120
1,110064,600939,4.570,0.400,166000.0000,3.20,5.94,20200629,113.0000,20251220,190064,165987.700000,20200116
1,113555,603301,14.010,0.500,44000.0000,9.81,18.21,20200629,118.0000,20251219,191555,16903.460000,20200114
1,110065,600985,9.330,0.200,275740.0000,6.53,12.13,20200629,106.0000,20251223,190065,275697.700000,20200113
0,123036,300450,38.990,0.300,100000.0000,27.29,50.69,20200617,110.0000,20251211,123036,99226.560000,20200110
1,113557,603098,10.110,0.400,60000.0000,7.08,13.14,20200629,115.0000,20251219,191557,59992.100000,20200110
1,113559,603901,10.320,0.600,51217.0000,7.22,13.42,20200629,112.0000,20251223,191559,51198.200000,20200110
1,113556,603690,29.370,0.400,35600.0000,20.56,38.18,20200629,120.0000,20251220,191556,29628.110000,20200109
1,113553,603180,44.140,0.400,39200.0000,30.90,57.38,20200619,118.0000,20251213,191553,27491.480000,20200107
1,113029,601615,12.460,0.400,170000.0000,8.72,16.20,20200622,108.0000,20251216,191029,98277.920000,20200107
1,110063,600567,3.300,0.300,186000.0000,2.31,4.29,20200619,111.0000,20251213,190063,185978.800000,20200103
0,128042,002823,12.960,1.000,41600.0000,9.07,16.85,20190203,112.0000,20240730,128042,41576.040000,20180903
1,110062,600498,25.650,0.200,308835.0000,17.96,33.35,20200608,106.0000,20251202,190062,308771.680000,20191225
1,113552,603960,19.780,0.500,18000.0000,13.85,25.71,20200608,112.0000,20200807,191552,0.870000,20191219
1,113550,603035,9.650,0.500,99242.0000,6.76,12.55,20200522,115.0000,20251118,191550,45525.210000,20191212
1,113549,603861,8.880,0.300,88000.0000,6.22,11.54,20200521,110.0000,20251115,191549,87994.600000,20191211
0,123035,300296,6.980,0.500,80000.0000,4.89,9.07,20200520,110.0000,20251114,123035,79975.810000,20191209
1,110061,600674,9.580,0.200,400000.0000,6.71,12.45,20200515,106.0000,20251111,110061,399996.000000,20191202
1,110060,600326,7.160,0.400,108698.8000,5.01,9.31,20200502,110.0000,20251028,190060,70647.960000,20191128
0,123034,300265,7.970,0.500,29700.0000,5.58,10.36,20200508,113.0000,20251104,123034,7813.090000,20191128
0,123033,300748,40.970,0.400,43500.0000,28.68,53.26,20200507,114.0000,20251101,123033,43455.430000,20191125
1,113548,603688,15.100,0.400,36000.0000,10.57,19.63,20200501,118.0000,20251028,191548,12301.590000,20191122
1,113546,603320,14.100,0.800,22993.0000,9.87,18.33,20200429,115.0000,20251023,191546,22983.000000,20191121
1,110059,600000,14.450,0.200,5000000.0000,,18.79,20200504,110.0000,20251028,190059,4999917.420000,20191115
1,113545,603113,11.400,0.600,150000.0000,7.98,14.82,20200418,110.0000,20251014,191545,149986.600000,20191107
0,123032,300591,6.890,1.500,18029.0000,4.82,8.96,20200417,122.0000,20251011,123032,6286.800000,20191031
0,123031,300655,18.530,0.500,18500.0000,12.97,24.09,20200305,111.0000,20250829,123031,6310.810000,20190926
0,123030,300040,5.650,0.700,30800.0000,3.96,7.35,20200227,115.0000,20250820,123030,11479.030000,20190912
0,123029,300677,10.410,0.800,47000.0000,7.29,13.53,20200224,128.0000,20250816,123029,13678.880000,20190910
1,113543,603833,71.690,0.600,149500.0000,50.18,93.20,20200224,110.0000,20250816,191543,80794.280000,20190904
1,113542,603898,16.270,0.600,63000.0000,11.39,21.15,20200207,110.0000,20250801,191542,60273.610000,20190823
1,113541,603165,11.540,0.700,33000.0000,8.08,15.00,20200129,110.0000,20250723,191541,27455.480000,20190813
0,123028,300437,11.840,0.800,49000.0000,8.29,15.39,20191225,115.0000,20250619,123028,45553.470000,20190715
1,113027,601020,10.170,0.600,64000.0000,7.12,13.22,20191220,110.0000,20250614,191027,32562.390000,20190710
1,113537,603348,19.430,0.800,80000.0000,13.60,25.26,20191214,115.0000,20250610,191537,50408.290000,20190705
0,123027,300487,29.330,0.700,34000.0000,20.53,38.13,20191217,113.0000,20250611,123027,10769.960000,20190704
0,123026,300692,12.250,0.800,29000.0000,8.58,15.93,20191216,106.0000,20240609,123026,14410.140000,20190701
1,113536,603578,19.540,0.500,19156.5000,13.68,25.40,20191206,110.0000,20250531,191536,14885.410000,20190624
1,113535,603278,12.400,0.600,50000.0000,8.68,16.12,20191115,110.0000,20240509,191535,49992.400000,20190603
1,110058,600105,5.040,0.600,98000.0000,3.53,6.55,20191022,110.0000,20250416,190058,46598.550000,20190508
1,113026,601985,6.080,0.500,780000.0000,4.26,7.90,20191019,105.0000,20250415,191026,779978.800000,20190508
1,113025,601677,11.200,0.600,183911.0000,7.84,14.56,20191016,110.0000,20250410,191025,172719.470000,20190507
1,110057,600420,9.890,0.500,161594.0000,6.92,12.86,20191008,106.0000,20250401,190057,161572.600000,20190430
1,113534,603876,15.180,0.600,125400.0000,10.63,19.73,20191015,110.0000,20250409,191534,119853.200000,20190430
1,113024,601611,9.760,0.400,299625.0000,6.83,12.69,20191014,105.0000,20250408,191024,299604.800000,20190426
1,113532,603817,7.690,0.600,46000.0000,5.38,10.00,20191009,108.0000,20250402,191532,45995.900000,20190424
0,123025,300567,49.950,0.800,37500.0000,34.97,64.94,20191008,112.0000,20250329,123025,30939.400000,20190419
1,113530,603081,16.640,0.600,63000.0000,11.65,21.63,20191002,116.0000,20250327,191530,62978.000000,20190418
0,123024,300700,24.900,0.500,21000.0000,17.43,32.37,20190927,110.0000,20240321,123024,20984.350000,20190417
0,123023,300335,7.040,0.600,60000.0000,4.93,9.15,20190927,110.0000,20250320,123023,53023.250000,20190416
1,110056,600487,15.580,0.500,173300.0000,10.91,20.25,20190925,110.0000,20250319,190056,171043.410000,20190416
0,123022,300088,6.150,0.600,123000.0000,4.31,8.00,20190923,110.0000,20250318,123022,29785.620000,20190410
1,110055,600197,16.810,0.700,87600.0000,11.77,21.85,20190923,110.0000,20250315,190055,87126.000000,20190404
1,110053,600919,7.280,0.800,2000000.0000,,9.46,20190920,111.0000,20250314,190053,1999951.800000,20190403
1,110052,600996,7.940,0.800,160000.0000,5.56,10.32,20190911,113.0000,20250305,190052,152656.780000,20190329
1,110051,600522,10.090,0.600,396512.0000,7.06,13.12,20190906,109.0000,20250228,190051,396431.400000,20190322
1,113528,603897,23.450,0.800,63400.0000,16.42,30.49,20190909,112.0000,20250301,191528,63391.100000,20190320
1,113021,601998,6.980,0.800,4000000.0000,,9.07,20190911,111.0000,20250304,191021,3999973.100000,20190319
1,113527,603518,9.850,0.700,74600.0000,6.90,12.81,20190730,115.0000,20250124,191527,74568.100000,20190219
1,113526,603797,6.110,0.500,39000.0000,4.28,7.94,20190729,106.0000,20250123,191526,19328.060000,20190218
0,123018,300381,8.290,0.600,66496.7700,5.80,10.78,20190626,110.0000,20241220,123018,5433.120000,20190123
1,113525,603055,8.030,0.600,53300.0000,5.62,10.44,20190621,110.0000,20241217,191525,47196.380000,20190111
1,113524,603677,14.080,0.600,33000.0000,9.86,18.30,20190621,113.0000,20241214,191524,32993.800000,20190107
1,110048,600483,8.120,0.600,283000.0000,5.68,10.56,20190614,109.0000,20241207,190048,282991.200000,20181228
0,123017,300618,57.400,0.500,44000.0000,40.18,74.62,20190527,106.0000,20241120,123017,40263.140000,20181224
1,113020,601233,12.280,0.500,380000.0000,8.60,15.96,20190523,108.0000,20241119,191020,316164.330000,20181212
1,110047,600567,3.340,0.600,230000.0000,2.34,4.34,20190527,113.0000,20241121,190047,229936.000000,20181210
1,113521,603626,8.700,0.700,61000.0000,6.09,11.31,20190522,110.0000,20241116,191521,6346.350000,20181207
1,113519,603569,11.150,0.800,70000.0000,7.81,14.50,20190513,115.0000,20241107,191519,69689.120000,20181130
1,113520,603313,14.280,0.700,51000.0000,10.00,18.56,20190514,110.0000,20241108,191520,6116.280000,20181126
0,128046,002258,18.620,1.000,85200.0000,13.03,24.21,20190423,108.0000,20241017,128046,85188.830000,20181109
0,123015,300297,5.790,1.000,53800.0000,4.05,7.53,20190218,108.0000,20240813,123015,10035.770000,20180913
0,128044,002717,5.910,1.000,66000.0000,4.14,7.68,20190220,107.0000,20240814,128044,65922.310000,20180904
0,123012,300057,5.310,1.000,95000.0000,3.72,6.90,20190128,106.0000,20240720,123012,12904.430000,20180829
0,128043,002793,6.220,1.000,28132.0000,4.35,8.09,20190208,110.0000,20201103,128043,327.920000,20180827
0,123014,300407,8.120,1.000,34989.4800,5.68,10.56,20190211,106.0000,20230727,123014,11615.960000,20180821
1,113516,603323,5.520,1.000,250000.0000,,7.18,20190211,110.0000,20240802,191516,128862.170000,20180820
0,123013,300539,9.130,1.200,14000.0000,6.39,11.87,20190201,110.0000,20240726,123013,3824.630000,20180820
0,123010,300422,12.200,1.000,43000.0000,8.54,15.86,20190111,108.0000,20240705,123010,42964.970000,20180814
0,123011,300473,34.540,1.000,56470.6600,24.18,44.90,20190124,112.0000,20240718,123011,25074.640000,20180814
0,128041,002446,6.850,1.000,100000.0000,4.80,8.91,20190123,110.0000,20240717,128041,5318.390000,20180814
1,110045,600398,11.750,0.800,300000.0000,8.23,15.28,20190121,108.0000,20240713,190045,294975.200000,20180731
1,110044,600831,6.900,1.000,80000.0000,4.83,8.97,20190103,108.0000,20240627,190044,7094.220000,20180724
0,128040,002758,11.290,1.000,22400.0000,7.90,14.68,20181221,108.0000,20240614,128040,22229.410000,20180713
0,128039,002224,5.810,1.000,62000.0000,4.07,7.55,20181214,106.0000,20240608,128039,20264.200000,20180629
1,113509,603179,14.220,1.000,45000.0000,9.95,18.49,20181210,106.0000,20240604,191509,12889.610000,20180622
1,113508,603225,15.780,1.000,215300.0000,11.05,20.51,20181105,108.0000,20240426,191508,215218.450000,20180516
0,128037,002542,7.990,1.000,60366.0000,5.59,10.39,20180921,108.0000,20240315,128037,60308.500000,20180425
0,128036,002548,7.390,1.000,65000.0000,5.17,9.61,20180917,106.0000,20240309,128036,14633.090000,20180402
1,113505,603618,7.140,1.000,78000.0000,5.00,9.28,20180912,108.0000,20240306,191505,74986.510000,20180327
1,113504,603989,21.130,1.000,69100.0000,14.79,27.47,20180910,106.0000,20240302,191504,56054.450000,20180323
1,110043,600908,5.790,0.800,300000.0000,,7.53,20180806,106.0000,20240130,190043,299881.420000,20180314
0,128035,002008,52.100,0.600,230000.0000,36.47,67.73,20180813,105.0000,20240206,128035,229967.140000,20180305
0,128034,002807,4.500,0.800,200000.0000,,5.85,20180801,106.0000,20240126,128034,175816.150000,20180214
0,128030,002100,7.850,1.000,100000.0000,5.50,10.21,20180628,108.0000,20231222,128030,9756.480000,20180129
0,128033,002658,8.830,1.000,52000.0000,6.18,11.48,20180703,106.0000,20231227,128033,51981.950000,20180129
0,123007,300409,14.950,1.000,48000.0000,10.47,19.44,20180704,107.0000,20231228,123007,30409.000000,20180126
0,123004,300197,3.980,1.000,110000.0000,2.79,5.17,20180622,106.0000,20231218,123004,80323.430000,20180126
0,128032,002472,9.890,1.000,100000.0000,6.92,12.86,20180629,106.0000,20231225,128032,99949.430000,20180125
0,128029,002078,8.550,0.800,120000.0000,5.99,11.12,20180628,106.0000,20221222,128029,110307.060000,20180116
1,113017,601929,2.950,1.000,156000.0000,2.07,3.84,20180702,106.0000,20231227,191017,155909.000000,20180115
1,110041,600863,2.690,1.000,187522.0000,1.88,3.50,20180628,106.0000,20231222,190041,187293.900000,20180109
0,123002,300388,8.480,1.000,59700.0000,5.94,11.02,20180530,106.0000,20231124,123002,25221.050000,20171225
1,110038,600566,24.270,0.800,84316.0000,12.14,30.34,20180517,106.0000,20221113,190038,63077.670000,20171129
1,113502,603822,44.790,1.000,18500.0000,31.35,58.23,20180517,108.0000,20231110,191502,18470.440000,20171127
1,113016,601127,15.700,1.000,150000.0000,10.99,20.41,20180511,106.0000,20231106,191016,88127.760000,20171121
1,113014,601222,8.540,1.000,300000.0000,5.98,11.10,20180503,106.0000,20231027,191014,299985.800000,20171113
1,113013,601211,19.010,1.500,700000.0000,,24.71,20180108,105.0000,20230707,191013,699020.800000,20170724
1,113012,601311,10.060,1.300,71700.0000,7.04,13.08,20171009,105.0000,20230324,191012,50956.760000,20170413
1,113011,601818,3.760,1.500,3000000.0000,,4.89,20170918,105.0000,20230317,191011,2419897.200000,20170405
1,113009,601238,14.230,,410558.0000,9.96,18.50,20160722,106.0000,20220122,191009,254914.590000,20160204
1,110034,600998,18.320,1.600,150000.0000,12.82,23.82,20160721,108.0000,20220115,190034,149927.900000,20160129
1,110033,600755,7.190,1.700,280000.0000,5.03,9.35,20160705,108.0000,20220105,190033,121173.940000,20160119
1,110031,600271,21.560,1.600,240000.0000,15.09,28.03,20151214,107.0000,20210612,190031,239872.080000,20150630
1,113008,601727,5.130,1.600,600000.0000,3.59,6.67,20150803,106.6000,20210202,191008,441381.470000,20150216
0,127018,000761,5.030,0.600,680000.0000,3.52,6.54,20210104,119.0000,20260629,,680000.000000,20200804
0,127017,000789,14.160,0.400,100000.0000,9.91,18.41,20201209,113.0000,20260603,,100000.000000,20200702
0,127016,000726,8.910,0.300,140000.0000,6.24,11.58,20201015,111.0000,20260409,127016,139995.780000,20200513
0,127015,000876,19.630,0.200,400000.0000,13.74,25.52,20200709,106.0000,20260103,127015,181859.560000,20200204
0,128090,002510,4.210,0.300,47100.0000,2.95,5.47,20200703,110.0000,20251227,128090,46682.900000,20200123
0,128093,002455,5.870,0.500,52000.0000,4.11,7.63,20200709,120.0000,20260103,128093,51978.600000,20200121
0,128091,002873,16.390,0.600,17730.0000,11.47,21.31,20200706,113.0000,20251230,128091,17648.410000,20200117
0,128087,002083,6.300,0.400,65000.0000,4.41,8.19,20200623,108.0000,20251217,128087,64991.040000,20200116
0,128085,002002,3.920,0.400,242678.0000,2.74,5.10,20200622,118.0000,20251216,128085,242568.700000,20200108
0,128082,002806,11.710,0.600,35240.0000,8.20,15.22,20200610,115.0000,20251204,128082,35224.300000,20200106
0,128083,002376,11.700,0.300,87700.0000,8.19,15.21,20200618,110.0000,20251212,128083,87690.420000,20191231
0,128081,002203,9.760,0.300,315000.0000,6.83,12.69,20200527,110.0000,20251121,128081,314995.640000,20191216
0,128079,002846,13.410,0.600,21400.0000,9.39,17.43,20200427,112.0000,20251021,128079,15290.360000,20191121
0,127014,000065,8.750,0.800,57821.0000,6.13,11.38,20200430,110.0000,20251024,127014,57811.790000,20191121
0,128078,002368,22.400,0.600,100000.0000,15.68,29.12,20200427,112.0000,20251021,128078,96038.000000,20191108
0,128076,002722,14.760,0.600,21400.0000,10.33,19.19,20200420,110.0000,20251014,128076,21385.670000,20191108
0,128075,002406,5.540,0.600,89370.0000,3.88,7.20,20200327,110.0000,20250923,128075,71128.380000,20191031
0,128074,002174,16.970,0.600,115000.0000,11.88,22.06,20200327,115.0000,20250923,128074,68331.730000,20191021
0,128071,002228,4.280,0.500,59575.0000,3.00,5.56,20200224,110.0000,20250816,128071,30002.620000,20190916
0,128072,002842,15.340,0.600,30192.2300,10.74,19.94,20200226,110.0000,20250820,128072,30184.750000,20190916
0,128073,002615,5.720,0.800,30000.0000,4.00,7.44,20200228,112.0000,20240822,128073,29895.440000,20190911
0,128070,002877,9.510,0.800,23000.0000,,12.36,20200108,112.0000,20250702,128070,22979.830000,20190723
0,128069,002907,18.040,0.700,30000.0000,12.63,23.45,20191230,115.0000,20250624,128069,29981.520000,20190711
0,128067,002727,26.830,0.600,60263.9200,18.78,34.88,20191025,108.0000,20250419,128067,5111.190000,20190517
0,127013,000810,11.390,0.600,104000.0000,7.97,14.81,20191019,113.0000,20250415,127013,97796.730000,20190516
0,128066,002811,9.670,0.800,48000.0000,6.77,12.57,20191023,112.0000,20250417,128066,47981.450000,20190514
0,128065,002497,8.950,0.600,80000.0000,6.27,11.64,20191022,110.0000,20250416,128065,79923.950000,20190510
0,128064,002538,6.070,0.600,80000.0000,4.25,7.89,20191014,110.0000,20250408,128064,79982.410000,20190507
0,127012,001965,8.810,0.300,500000.0000,6.17,11.45,20190930,105.0000,20250322,127012,499985.030000,20190430
0,128063,002631,8.610,0.700,63000.0000,6.03,11.19,20191011,120.0000,20250403,128063,62987.770000,20190424
0,128062,002370,16.250,0.500,96500.0000,11.38,21.13,20191009,115.0000,20250402,128062,96415.420000,20190424
0,128058,002139,5.470,0.600,57300.0000,3.83,7.11,20190916,116.0000,20250307,128058,32701.530000,20190408
0,127011,000887,11.590,0.700,120000.0000,8.11,15.07,20190916,110.0000,20250308,127011,119980.620000,20190404
0,128057,002649,8.720,0.800,57581.5200,6.10,11.34,20190911,112.0000,20250305,128057,52838.190000,20190402
0,128056,002863,6.760,0.800,36800.0000,4.73,8.79,20190906,115.0000,20250228,128056,23762.300000,20190322
0,128053,002551,4.890,0.600,75000.0000,3.42,6.36,20190821,110.0000,20250214,128053,19095.080000,20190307
0,128052,002783,6.670,0.700,32885.4800,4.67,8.67,20190627,110.0000,20241221,128052,3201.130000,20190121
0,128051,002741,12.720,0.700,24930.0000,8.90,16.54,20190621,110.0000,20241214,128051,24890.930000,20190109
0,128050,002865,14.850,0.800,32000.0000,10.40,19.31,20190614,118.0000,20241210,128050,29947.740000,20181227
0,127008,000070,5.540,0.600,41940.0000,3.88,7.20,20190522,108.0000,20231116,127008,5938.210000,20181225
0,128049,002787,7.420,0.700,40000.0000,5.19,9.65,20190603,110.0000,20241127,128049,36316.420000,20181220
0,128048,002839,5.760,0.600,250000.0000,,7.49,20190516,109.0000,20241112,128048,249750.560000,20181129
0,127007,000665,5.580,1.000,173359.2000,3.91,7.25,20190104,108.0000,20240628,127007,121848.880000,20180801
0,127006,000623,20.420,0.600,241300.0000,14.29,26.55,20180919,105.0000,20240313,127006,240735.070000,20180511
0,127005,000783,7.280,1.000,500000.0000,,9.46,20180917,105.0000,20240312,127005,499909.820000,20180411
0,128028,002460,41.680,0.800,92800.0000,29.18,54.18,20180627,106.0000,20231221,128028,91713.170000,20180119
0,128026,002772,11.450,1.000,92000.0000,8.02,14.89,20180619,106.0000,20231213,128026,91940.680000,20180103
0,128025,002728,14.700,1.000,35400.0000,10.29,19.11,20180612,106.0000,20231206,128025,29906.030000,20171228
0,128022,002707,7.910,1.000,70000.0000,5.54,10.28,20180607,106.0000,20231201,128022,45604.750000,20171228
0,128021,002562,5.250,1.000,70000.0000,3.68,6.83,20180604,106.0000,20231128,128021,26549.590000,20171227
0,128023,002284,10.340,1.000,100000.0000,7.24,13.44,20180608,108.0000,20231204,128023,99931.170000,20171226
0,128018,002527,7.420,1.000,88250.5700,5.19,9.65,20180510,106.0000,20231106,128018,88216.890000,20171204
0,128019,002318,7.620,1.000,104000.0000,5.33,9.91,20180514,106.0000,20231108,128019,103970.150000,20171201
0,128017,002597,22.420,1.000,60000.0000,15.69,29.15,20180807,106.0000,20231101,128017,55377.470000,20171127
0,128015,002279,9.480,1.300,78000.0000,6.64,12.32,20171215,108.0000,20230608,128015,77956.900000,20170627
0,127004,000700,7.460,1.500,81366.0000,5.22,9.70,20171204,110.0000,20230602,127004,13152.480000,20170626
0,128014,002753,12.600,1.500,34000.0000,8.82,16.38,20171023,108.0000,20230417,128014,33701.450000,20170512
0,128013,002325,3.100,1.800,120000.0000,2.17,4.03,20170206,108.0000,20220729,128013,119850.730000,20160823
0,127003,000861,3.000,1.800,111100.0000,2.10,3.90,20161216,110.0000,20220608,127003,67399.150000,20160701
0,128012,002496,4.380,1.300,84500.0000,3.07,5.69,20161028,103.0000,20220421,128012,84425.450000,20160517
0,128010,002245,9.250,1.600,51000.0000,6.48,12.03,20160729,108.0000,20220122,128010,50950.110000,20160223
1,110072,600297,4.030,0.200,337000.0000,2.82,5.24,20210224,110.0000,20260818,,337000.000000,20200915
0,128128,002408,8.220,0.300,299000.0000,5.75,10.69,20210226,110.0000,20260820,,299000.000000,20200915
1,113039,601619,3.570,0.300,130000.0000,2.50,4.64,20210301,108.0000,20260824,,130000.000000,20200917
0,128130,002067,3.400,0.300,128000.0000,2.72,4.42,20210304,110.0000,20260831,,128000.000000,20200918
1,110074,600577,3.750,0.400,78700.0000,2.63,4.88,20210225,112.0000,20260819,,78700.000000,20200921
0,128129,002958,5.740,0.200,500000.0000,,7.46,20210301,108.0000,20260825,,500000.000000,20200918
1,113602,603228,35.280,0.400,178000.0000,24.70,45.86,20210301,108.0000,20260824,,178000.000000,20200922
0,123064,300482,93.550,0.300,60000.0000,65.49,121.62,20210308,110.0000,20260901,,60000.000000,20200923
0,123065,300246,40.540,0.400,21900.0000,28.38,40.54,20210311,115.0000,20260904,,21900.000000,20200924
0,128131,002815,19.540,0.300,140000.0000,13.68,25.40,20210311,110.0000,20260907,,140000.000000,20200928
0,128133,002287,30.120,0.400,80000.0000,21.08,39.16,20210329,112.0000,20260922,,80000.000000,20201027
0,128134,002541,43.740,0.300,188000.0000,30.62,56.86,20210415,110.0000,20261009,,188000.000000,
0,123066,300687,22.580,0.400,32000.0000,15.81,29.35,20210322,115.0000,20260916,,32000.000000,20201015
1,113604,603528,10.440,0.400,64000.0000,7.31,13.57,20210419,110.0000,20261013,,64000.000000,
1,110075,600029,6.240,0.200,1600000.0000,4.37,8.11,20210421,106.5000,20261015,,1600000.000000,
0,127022,000703,11.500,0.200,200000.0000,8.05,14.95,20210422,105.0000,20261016,,200000.000000,
0,123067,300382,9.380,0.400,38800.0000,6.57,12.19,20210323,115.0000,20260917,,38800.000000,20201015
0,123069,300505,19.150,0.400,36800.0000,13.41,24.90,20210422,120.0000,20261016,,36800.000000,
0,123068,300657,18.450,0.400,57000.0000,12.92,23.99,20210421,115.0000,20261015,,57000.000000,
0,128132,002941,18.570,0.400,85000.0000,13.00,24.14,20210322,110.0000,20260915,,85000.000000,20201016
0,123070,300438,20.160,0.300,89000.0000,,,20210426,,20261020,,89000.000000,
0,128135,002557,60.830,0.300,134000.0000,,,20210426,,20261020,,134000.000000,
0,123072,300729,73.130,0.500,14200.0000,,,20210427,,20261021,,14200.000000,
0,123071,300569,20.050,0.400,,,,20210427,,20261021,,,
1,113605,603233,83.850,0.300,,,,20210428,,20261022,,,
0,123073,300636,36.340,,,,,20210503,,20261026,,,
0,127023,000932,5.180,0.200,,,,20210429,,20261023,,,